/rn,a,b/nx0/ls1
/r,qa,qb
246 -0.49 0.49 0 OUTPUT_AMPLITUDE_3D 0 0 0 0 0 Wavelength=1
22 0 0.21
 0.01721677953 0.04230973725 0.08057471081 0.1311961416 0.2009735373 0.2999858654 0.4426706439 0.6498710609 0.9518734072 1.392842617 2.037300902 1.687002274 1.245728517 0.742368273 0.2460636721 0.4279006237 0.9411609607 1.41701282 1.815992379 2.114177745 2.101512263 2.085364152
 0.01721152327 0.04229760291 0.08055585283 0.1311674849 0.2009302965 0.2999207809 0.4425727558 0.6497238588 0.9516520423 1.392509709 2.03680023 1.686549387 1.245336811 0.7420453975 0.2458119579 0.4279357488 0.9411373456 1.416892553 1.815762454 2.113816158 2.101293765 2.08516708
 0.01719577479 0.04226124428 0.08049935401 0.1310816327 0.2008007561 0.2997258053 0.4422795141 0.6492828947 0.9509889246 1.391512472 2.035300471 1.685192834 1.244163606 0.7410784458 0.2450580711 0.4280410122 0.9410664736 1.416532749 1.815076262 2.112741689 2.100630902 2.084569415
 0.01716959255 0.04220080347 0.08040545802 0.1309389689 0.2005855043 0.2994018309 0.4417922668 0.6485502004 0.9498871151 1.389855514 2.032808561 1.682938886 1.242214295 0.7394716899 0.2438043856 0.4282168939 0.9409499452 1.415938726 1.81394734 2.110987973 2.099509351 2.083562337
 0.01713307367 0.04211651669 0.08027456975 0.1307401309 0.2002855182 0.2989503399 0.4411132527 0.6475291517 0.9483516986 1.38754649 2.029336022 1.679797967 1.239497846 0.7372322471 0.2420548879 0.4284641174 0.9407901771 1.415118621 1.812396254 2.108605623 2.09790842 2.082133318
 0.01708635362 0.04200871334 0.08010725346 0.1304860067 0.199902159 0.2983733975 0.4402455913 0.6462244514 0.9463897594 1.384596067 2.024898909 1.675784603 1.236026771 0.7343700772 0.2398152181 0.4287835436 0.9405900637 1.414082415 1.810447917 2.105654979 2.095805245 2.080268982
 0.01702960564 0.04187781477 0.0799042303 0.1301777312 0.1994371654 0.2976736412 0.4391932667 0.6446421069 0.9440103471 1.381017871 2.019517733 1.670917364 1.231817081 0.7308979734 0.2370927153 0.4291760431 0.9403525836 1.412840803 1.808128486 2.102197666 2.093179689 2.077958402
 0.01696304004 0.04172433261 0.07966637497 0.1298166798 0.1988926454 0.2968542682 0.4379611086 0.6427894001 0.9412244328 1.376828424 2.013217369 1.665218776 1.226888225 0.7268315413 0.2338964547 0.4296423641 0.9400804141 1.411404084 1.805462312 2.098288345 2.09001915 2.075196296
 0.01688690337 0.04154886678 0.07939471175 0.1294044627 0.1982710652 0.2959190197 0.436554768 0.6406748524 0.9380448551 1.372047062 2.00602693 1.658715221 1.22126301 0.7221891645 0.2302372669 0.4301830138 0.9397756172 1.40978125 1.802469452 2.093967973 2.086322483 2.071985572
 0.01680147738 0.04135210318 0.07909040984 0.1289429165 0.1975752378 0.2948721618 0.4349806892 0.6383081817 0.9344862569 1.366695841 1.997979631 1.651436812 1.214967509 0.7169919506 0.226127731 0.4307981676 0.9394394477 1.407979428 1.799164134 2.089259678 2.082102408 2.068338789
 0.01670707787 0.04113481092 0.07875477789 0.1284340953 0.1968083082 0.2937184642 0.4332460776 0.6357002537 0.9305650124 1.360799427 1.989112623 1.643417251 1.208030938 0.7112636573 0.2215821359 0.4314876178 0.9390723151 1.406003749 1.795554431 2.084167896 2.077385991 2.064278271
 0.01660405332 0.04089783931 0.07838925795 0.1278802609 0.1959737381 0.2924631761 0.4313588624 0.6328630271 0.926299144 1.354384972 1.979466807 1.63469366 1.200485527 0.7050305964 0.2166164094 0.4322507643 0.9386739051 1.403857681 1.791643168 2.078680919 2.072213106 2.059834854
 0.01649278344 0.04064211445 0.07799541864 0.1272838709 0.1950752878 0.291111999 0.4293276564 0.6298094919 0.9217082306 1.347481977 1.969086629 1.6253064 1.192366355 0.6983215182 0.211248019 0.4330866465 0.9382434412 1.401543744 1.787429931 2.072776405 2.0666331 2.055045449
 0.01637367751 0.04036863549 0.0775749477 0.1266475671 0.1941169974 0.2896710573 0.4271617108 0.6265536021 0.9168133057 1.340122138 1.958019846 1.615298862 1.183711186 0.691167478 0.2054958509 0.4339940055 0.9377800435 1.399064504 1.78291382 2.066428964 2.060700177 2.049949822
 0.01624717259 0.04007847055 0.07712964385 0.1259741612 0.1931031651 0.2881468661 0.4248708671 0.6231102024 0.9116367475 1.332339182 1.946317285 1.604717248 1.174560268 0.6836016873 0.199380079 0.4349713624 0.9372831252 1.396423669 1.778096494 2.059618564 2.054468218 2.044587127
 0.01611373165 0.03977275232 0.07666140805 0.1252666209 0.1920383248 0.2865462963 0.4224655038 0.6194949485 0.9062021593 1.324168685 1.934032563 1.59361032 1.16495613 0.6756593551 0.1929220337 0.4360170952 0.9367527619 1.393627102 1.772984995 2.052338352 2.047985862 2.038992733
 0.01597384146 0.03945267335 0.07617223413 0.1245280545 0.1909272224 0.2848765381 0.4199564809 0.615724223 0.9005342421 1.315647883 1.921221806 1.582029146 1.154943355 0.6673775198 0.1861440822 0.4371294956 0.9361899711 1.390683573 1.767593867 2.044600602 2.041292603 2.033195874
 0.01582801048 0.03911948099 0.07566419882 0.1237616938 0.1897747893 0.2831450612 0.4173550803 0.6118150455 0.8946586589 1.306815465 1.907943339 1.57002682 1.14456835 0.6587948773 0.1790695282 0.438306792 0.935596855 1.387605128 1.761946212 2.03643977 2.034416548 2.027218488
 0.01567676658 0.03877447206 0.07513945125 0.1229708777 0.1885861163 0.2813595742 0.4146729431 0.6077849776 0.8886018924 1.29771136 1.894257358 1.557658167 1.13387909 0.6499516016 0.1717225346 0.4395471269 0.934976581 1.384406986 1.756073474 2.027912121 2.027374156 2.021075424
 0.01552065466 0.03841898726 0.07460020195 0.1221590335 0.1873664247 0.279527981 0.4119220041 0.6036520238 0.8823910945 1.28837651 1.880225598 1.54497944 1.122924861 0.6408891608 0.1641280701 0.4408484897 0.9343332 1.381106997 1.750013985 2.019091954 2.02017202 2.01477595
 0.01536023418 0.03805440526 0.07404871142 0.1213296584 0.186121038 0.2776583363 0.4091144241 0.5994345292 0.8760539314 1.278852635 1.865910969 1.532047992 1.111755981 0.6316501225 0.1563118751 0.4422086072 0.9336713304 1.377724703 1.743810458 2.010064992 2.012810381 2.008326319
 0.01519607665 0.03768213656 0.07348727824 0.1204863006 0.184855351 0.2757587996 0.4062625198 0.5951510726 0.8696184226 1.269181991 1.851377196 1.518921945 1.100423514 0.6222779458 0.1483004376 0.4436248091 0.932995757 1.374280183 1.737506846 2.000919988 2.005287804 2.001732935
 0.01502876294 0.0373036171 0.07291822689 0.1196325388 0.1835747997 0.2738375884 0.403378692 0.5908203585 0.863112776 1.259407117 1.836688436 1.505659843 1.088978968 0.6128167552 0.1401209705 0.4450938848 0.9323110082 1.370792828 1.731145039 1.991739895 1.997606242 1.99500557
 0.01485888067 0.03692030172 0.07234389535 0.1187719628 0.1822848297 0.2719029299 0.4004753535 0.5864611058 0.8565652202 1.249570586 1.821908899 1.492320294 1.077473978 0.6033110905 0.1318013771 0.4466119557 0.9316209808 1.367280259 1.724761925 1.982593987 1.989775656 1.988160095
 0.01468702141 0.03653365736 0.07176662249 0.1179081528 0.1809908654 0.2699630136 0.3975648551 0.5820919374 0.8500038354 1.239714743 1.807102449 1.47896161 1.06595998 0.5938056302 0.1233701968 0.4481743829 0.9309286712 1.36375755 1.718387287 1.973532223 1.981817407 1.981220222
 0.01451377795 0.03614515622 0.0711887354 0.1170446598 0.1796982784 0.2680259435 0.3946594134 0.5777312685 0.8434563844 1.22988145 1.79233222 1.465641439 1.054487872 0.5843448866 0.114856524 0.4497757289 0.930236059 1.360236874 1.712042853 1.964582726 1.973765842 1.974217957
 0.01433974149 0.03575626871 0.0706125368 0.1161849848 0.1784123567 0.2660996905 0.3917710385 0.5733971968 0.8369501446 1.220111831 1.777660221 1.452416393 1.043107667 0.574972872 0.106289897 0.4514097815 0.929544162 1.356727628 1.705742658 1.955752793 1.96566777 1.967192654
 0.01416549885 0.03536845641 0.07004029254 0.1153325602 0.1771382748 0.2641920465 0.3889114637 0.5691073956 0.8305117447 1.210446018 1.763146958 1.439341688 1.031868143 0.5657327401 0.09770016141 0.4530696408 0.9288532539 1.353237008 1.699494631 1.94703325 1.957579866 1.960188802
 0.01399162973 0.03498316503 0.06947421947 0.11449073 0.1758810645 0.2623105803 0.3860920778 0.5648790097 0.824167006 1.200922915 1.748851056 1.426470785 1.020816497 0.556666409 0.08911731359 0.4547478611 0.9281632105 1.349770946 1.693303162 1.938405451 1.949564385 1.953252907
 0.01381870398 0.0346018174 0.06891647369 0.1136627321 0.1746455874 0.2604625952 0.3833238606 0.5607285575 0.8179407921 1.191579962 1.734828913 1.413855047 1.009998002 0.5478141733 0.0805713377 0.4564366281 0.9274739282 1.346335231 1.687172201 1.929849764 1.941683824 1.946429947
 0.013647279 0.03422580655 0.06836913932 0.1128516815 0.1734365088 0.2586550897 0.3806173227 0.5566718385 0.8118568678 1.182452919 1.721134363 1.40154342 0.9994556845 0.5392143161 0.07209205054 0.4581279488 0.9267857442 1.342936642 1.681108379 1.921354159 1.933995383 1.939759991
 0.01347789725 0.03385648902 0.06783421806 0.1120605541 0.1722582743 0.2568947213 0.377982451 0.5527238498 0.8059377702 1.173575673 1.707818372 1.389582133 0.9892300218 0.5309027324 0.0637089728 0.4598138277 0.9260997888 1.33958389 1.67512363 1.912921473 1.926546082 1.933275517
 0.01331108389 0.03349517841 0.06731361952 0.1112921727 0.1711150882 0.2551877746 0.3754286591 0.5488987105 0.800204694 1.164980056 1.694928769 1.378014434 0.9793586713 0.5229125748 0.05545124901 0.4614864053 0.9254182099 1.336288211 1.669236855 1.904574121 1.919369326 1.926999856
 0.01314734459 0.03314313927 0.06680915253 0.1105491948 0.1700108953 0.2535401332 0.3729647451 0.5452095977 0.7946773926 1.156695697 1.682510011 1.36688036 0.9698762339 0.5152739344 0.04734765055 0.4631380416 0.9247442263 1.333063485 1.66347434 1.896355455 1.912483482 1.920947004
 0.01298716364 0.03280158134 0.06632251761 0.1098341016 0.1689493653 0.2519572567 0.3705988572 0.5416686929 0.7893740964 1.148749896 1.670602991 1.356216552 0.9608140614 0.508013565 0.03942673066 0.4647613364 0.9240820006 1.329925878 1.657868836 1.888327496 1.905892702 1.915122837
 0.01283100219 0.0324716544 0.06585530062 0.1091491896 0.1679338807 0.2504441629 0.368338466 0.5382871416 0.7843114514 1.141167527 1.659244894 1.346056113 0.9522001112 0.5011546617 0.03171731351 0.4663490886 0.9234363443 1.326893017 1.652457417 1.880565353 1.899589889 1.909527518
 0.01267929687 0.03215444354 0.06540896769 0.1084965646 0.1669675282 0.2490054151 0.3661903468 0.5350750253 0.7795044765 1.13397098 1.648469101 1.336428515 0.9440588512 0.4947166991 0.02424991159 0.4678942088 0.9228123016 1.323982857 1.647278455 1.873149219 1.893561348 1.904158695
 0.01253245858 0.0318509652 0.06498486163 0.1078781373 0.1660530935 0.2476451154 0.3641605694 0.5320413476 0.7749665435 1.127180123 1.638305142 1.327359556 0.9364112184 0.4887153368 0.01706153486 0.4693896074 0.9222146773 1.321212386 1.642368182 1.866155194 1.887792371 1.899014996
 0.0123908717 0.03156216379 0.06458419963 0.1072956218 0.1651930599 0.2463669036 0.3622544974 0.5291940336 0.7707093769 1.12081231 1.628778699 1.318871374 0.9292746314 0.4831623944 0.01021879882 0.4708280857 0.9216475823 1.318596392 1.637757379 1.859646421 1.882272887 1.894099205
 0.01225489355 0.03128890911 0.06420807261 0.1067505362 0.1643896107 0.2451739611 0.3604767956 0.5265399427 0.7667430756 1.114882412 1.61991167 1.310982502 0.922663057 0.4780658992 0.004056872914 0.4722022586 0.9211140748 1.316146485 1.633468747 1.853665957 1.877002223 1.889420621
 0.01212485417 0.03103199459 0.06385744577 0.1062442053 0.1636446344 0.2440690211 0.3588314465 0.5240848952 0.7630761543 1.109402888 1.611722265 1.303707982 0.9165871285 0.4734302087 0.003860817367 0.4735045323 0.9206159536 1.31387053 1.629515372 1.848232536 1.87199221 1.884996168
 0.01200105644 0.03079213621 0.06353316074 0.1057777656 0.1629597341 0.2430543834 0.357321774 0.5218337101 0.7597156048 1.104383874 1.604225164 1.297059522 0.9110543147 0.4692562045 0.009325690369 0.4747271523 0.9201537446 1.311772603 1.62590055 1.843339949 1.867268081 1.880850075
 0.01188377646 0.03056997234 0.06323593886 0.1053521724 0.1623362388 0.2421319335 0.3559504746 0.5197902546 0.7566669736 1.099833313 1.59743171 1.291045691 0.9060691333 0.465541558 0.0148173626 0.4758623259 0.9197268826 1.309853462 1.622619038 1.83896017 1.862866972 1.877012133
 0.01177326424 0.03036606431 0.06296638573 0.1049682081 0.1617752185 0.2413031664 0.3547196549 0.5179575033 0.7539344552 1.095757098 1.591350136 1.285672162 0.9016334061 0.4622810613 0.01998741439 0.4769024086 0.9193340658 1.308111488 1.619659525 1.835049802 1.858834228 1.87351482
 0.0116697446 0.03018089764 0.06272499675 0.1046264929 0.1612775007 0.2405692132 0.3536308738 0.5163376053 0.7515209979 1.092159239 1.585985829 1.280941974 0.8977465491 0.459467016 0.02477454659 0.4778401352 0.918973725 1.306543934 1.61700797 1.831558874 1.855218048 1.870389726
 0.01157341831 0.03001488408 0.06251216352 0.1043274953 0.1608436886 0.2399308704 0.3526851892 0.5149319573 0.7494284192 1.089042043 1.581341613 1.276855828 0.8944058892 0.4570896723 0.02915052173 0.4786688643 0.9186445349 1.305148294 1.614651277 1.828440618 1.85206333 1.867663874
 0.01148446339 0.02986836407 0.06232818088 0.1040715449 0.1604741812 0.2393886317 0.3518832072 0.5137412815 0.7476575271 1.086406309 1.577418048 1.273412394 0.8916070016 0.4551377026 0.03309632423 0.4793828042 0.9183458802 1.303923563 1.612580716 1.825660692 1.849405668 1.865356515
 0.01140303646 0.02974160981 0.0621732544 0.1038588449 0.1601691931 0.2389427191 0.3512251328 0.5127657043 0.7462082449 1.084251517 1.574213739 1.270608626 0.8893440569 0.4535986992 0.03659733074 0.4799771877 0.9180781999 1.302871178 1.610794536 1.823204365 1.847266507 1.863476924
 0.01132927426 0.02963482855 0.06204750803 0.1036894846 0.1599287751 0.238593116 0.3507108199 0.5120048362 0.745079736 1.08257603 1.571725641 1.26844008 0.8876101695 0.4524596766 0.03964193304 0.4804483706 0.9178431457 1.301995488 1.609299335 1.821080435 1.845650258 1.862023581
 0.01126329504 0.02954816627 0.06195099178 0.1035634522 0.1597528342 0.2383395979 0.3503398209 0.5114578484 0.7442705239 1.081377279 1.569949355 1.266901222 0.8863977365 0.4517075632 0.04222105895 0.4807938415 0.9176435246 1.301303644 1.608109919 1.819321212 1.844543907 1.860984886
 0.01120519994 0.02948171129 0.06188368913 0.1034806465 0.1596411524 0.2381817623 0.350111433 0.5111235457 0.7437786066 1.080651943 1.568879412 1.26598571 0.8856987579 0.451329665 0.04432798022 0.4810121423 0.9174830254 1.30080493 1.607247652 1.81797845 1.84391925 1.860341345
 0.01115507424 0.02943549793 0.06184552397 0.1034408887 0.1595934041 0.2381190558 0.3500247405 0.5110004328 0.7436015602 1.080396113 1.568509521 1.265686665 0.885505128 0.4513140846 0.04595823137 0.4811027173 0.9173657707 1.300509613 1.606737513 1.817115798 1.843737479 1.860068925
 0.01111298838 0.02940951001 0.06183636696 0.1034439314 0.1596091717 0.2381507986 0.350078653 0.5110867732 0.7437366308 1.08060543 1.5688328 1.265996896 0.8858088884 0.451650081 0.04710959258 0.4810657151 0.9172957597 1.300427497 1.606604324 1.816798912 1.843955445 1.8601431
 0.01107899881 0.02940368404 0.06185604098 0.1034894681 0.1596879591 0.2382762048 0.3502719368 0.5113806389 0.7441808115 1.081275211 1.569841961 1.26690909 0.8866024371 0.4523283578 0.04778213623 0.4809017831 0.9172762947 1.300566407 1.606868706 1.817084731 1.844532644 1.860542956
 0.01105314845 0.02941791203 0.06190432578 0.1035771396 0.159829202 0.2384943989 0.3506032407 0.5118799492 0.744930903 1.082400542 1.571529454 1.268415965 0.887878685 0.4533412712 0.04797835984 0.4806118896 0.9173094841 1.300930849 1.607543448 1.818011634 1.845437828 1.861254706
 0.01103546691 0.02945204385 0.06198096146 0.1037065395 0.1600322762 0.2388044281 0.3510711142 0.5125824993 0.7459835569 1.08397634 1.573887573 1.270510364 0.8896311582 0.4546829504 0.04770344233 0.4801972092 0.9173959102 1.301521072 1.608630866 1.819592055 1.846654146 1.862274026
 0.01102597039 0.02950588908 0.06208565096 0.1038772176 0.1602965025 0.2392052696 0.3516740188 0.5134859769 0.7473353012 1.085997397 1.57690851 1.273185309 0.8918540413 0.4563493287 0.04696567705 0.4796590945 0.917534523 1.302332716 1.610121636 1.82180883 1.848181937 1.863606776
 0.01102466115 0.02957921836 0.06221806138 0.1040886818 0.160621149 0.2396958338 0.352410332 0.5145879678 0.7489825467 1.088458384 1.580584369 1.276434003 0.8945421643 0.4583380863 0.04577716017 0.478999143 0.9177227885 1.303357106 1.611995345 1.824616005 1.850038649 1.865267915
 0.01103152679 0.02967176407 0.06237782423 0.1043403976 0.1610054304 0.2402749624 0.3532783442 0.5158859493 0.7509215765 1.091353835 1.584907127 1.280249786 0.8976909336 0.4606485092 0.04415486011 0.4782193528 0.9179570779 1.3045822 1.614222742 1.827944161 1.852255765 1.867278714
 0.01104653913 0.02978322068 0.0625645346 0.1046317864 0.1614485047 0.2409414229 0.3542762484 0.5173772741 0.7531485183 1.094678099 1.589868565 1.28462604 0.9012962118 0.4632812716 0.04212228237 0.4773223412 0.9182332438 1.305994046 1.616769423 1.831709648 1.854873156 1.869662634
 0.01106965287 0.02991324442 0.06277774946 0.1049622223 0.1619494671 0.2416938983 0.3554021244 0.5190591437 0.755659301 1.09842527 1.595460148 1.289556066 0.9053541524 0.4662381535 0.0397121134 0.4763115907 0.9185472953 1.307578537 1.619600391 1.835826417 1.857931633 1.872440483
 0.01110080411 0.0300614527 0.06301698503 0.1053310272 0.1625073425 0.2425309746 0.3566539173 0.5209285733 0.7584495983 1.102589098 1.601672879 1.295032916 0.9098609966 0.4695217058 0.0369705469 0.4751916782 0.9188960656 1.309323199 1.622684825 1.840218705 1.861464881 1.875625584
 0.0111399087 0.03022742313 0.06328171357 0.1057374649 0.1631210749 0.2434511241 0.358029411 0.5229823496 0.7615147606 1.107162877 1.608497125 1.301049199 0.9148128405 0.4731348782 0.03396459083 0.4739684443 0.9192777598 1.311218711 1.626000263 1.844832545 1.865492026 1.87921975
 0.01118686053 0.03041069234 0.06357135954 0.1061807346 0.1637895169 0.2444526873 0.3595261987 0.5252169828 0.764849738 1.11213932 1.615922418 1.307596869 0.9202053814 0.4770806248 0.03079469156 0.4726490655 0.9196922856 1.313259894 1.629535496 1.849644162 1.8700121 1.883210727
 0.01124152988 0.03061075466 0.06388529554 0.106659963 0.1645114172 0.245533853 0.3611416507 0.5276286552 0.7684489971 1.117510432 1.623937243 1.314666995 0.9260336517 0.4813615024 0.02761644723 0.471242009 0.9201413041 1.315445976 1.633291615 1.85466369 1.875001389 1.887571625
 0.01130376189 0.03082706083 0.06422283804 0.1071741973 0.1652854077 0.2466926374 0.362872881 0.5302131667 0.7723064353 1.123267367 1.632528819 1.322249527 0.9322917496 0.4859792759 0.02467526113 0.4697568665 0.9206279764 1.317780067 1.637280951 1.859933339 1.880414233 1.892262547
 0.01137337517 0.03105901681 0.06458324321 0.1077223974 0.1661099911 0.2479268635 0.3647167133 0.5329658812 0.7764152929 1.12940029 1.641682877 1.330333058 0.938972573 0.4909345416 0.02234754334 0.468204084 0.9211564385 1.320267868 1.641523943 1.865519974 1.886187339 1.897234332
 0.01145016069 0.0313059828 0.06496570296 0.1083034284 0.1669835284 0.2492341409 0.3666696489 0.5358816739 0.7807680697 1.135898244 1.651383445 1.338904601 0.9460675636 0.4962263768 0.021138874 0.4665946236 0.9217310786 1.322915802 1.646044335 1.871502995 1.892247081 1.902433961
 0.01153388097 0.03156727256 0.06536934145 0.1089160542 0.1679042277 0.2506118471 0.3687278355 0.5389548817 0.7853564453 1.142749022 1.66161265 1.347949366 0.9535664676 0.5018520226 0.02153038704 0.4649396061 0.9223557325 1.325728848 1.650863395 1.877959201 1.898518739 1.907810893
 0.01162426963 0.0318421532 0.06579321218 0.1095589317 0.1688701342 0.2520571108 0.3708870409 0.5421792593 0.7901712074 1.149939051 1.672350526 1.357450572 0.9614571154 0.507806602 0.02369590323 0.4632499868 0.9230329321 1.328708422 1.65599405 1.884946908 1.90493631 1.913323363
 0.01172103132 0.03212984539 0.06623629589 0.1102306061 0.1698791219 0.2535667982 0.3731426293 0.5455479416 0.7952021913 1.157453295 1.683574862 1.367389264 0.9697252269 0.5140828741 0.02742287734 0.4615363174 0.9237633428 1.331850671 1.661435895 1.892491839 1.911451265 1.918943584
 0.01182384207 0.03242952412 0.0666974993 0.1109295079 0.1709288878 0.2551375024 0.3754895438 0.5490534139 0.8004382302 1.165275172 1.695261069 1.377744178 0.9783542435 0.5206710262 0.03233630174 0.45980863 0.9245455005 1.335145501 1.66717197 1.900577193 1.918038799 1.924660893
 0.01193235006 0.03274032011 0.06717565488 0.1116539511 0.1720169479 0.2567655364 0.3779222942 0.5526874911 0.8058671207 1.1733865 1.707382081 1.388491621 0.9873251916 0.5275585016 0.03810333936 0.4580764626 0.9253759196 1.338576559 1.673167979 1.909139831 1.924700358 1.930482123
 0.01204617675 0.03306132177 0.06766952168 0.112402133 0.1731406365 0.2584469308 0.3804349518 0.5564413075 0.8114756032 1.181767458 1.719908298 1.399605399 0.9966165793 0.5347298666 0.04448576617 0.4563490221 0.9262495839 1.342122254 1.679374263 1.918073655 1.931461803 1.9364289
 0.01216491853 0.03339157781 0.06817778734 0.1131721366 0.1742971079 0.2601774352 0.3830211503 0.5603053167 0.8172493598 1.190396579 1.732807562 1.411056775 1.006204332 0.5421667175 0.05132119816 0.454635455 0.9271607702 1.345757734 1.685730443 1.927240267 1.938367232 1.942532053
 0.0122881486 0.03373010046 0.06869907124 0.1139619339 0.1754833413 0.2619525249 0.3856740948 0.5642693033 0.8231730287 1.19925077 1.746045183 1.422814476 1.016061766 0.5498476345 0.05849591906 0.4529451758 0.9281040948 1.34945757 1.692172178 1.936485766 1.945469175 1.948823825
 0.0124154193 0.03407586932 0.06923192879 0.1147693917 0.1766961485 0.2637674118 0.3883865777 0.5683224055 0.8292302373 1.208305358 1.759583999 1.434844734 1.026159611 0.5577481852 0.06592541804 0.4512881941 0.9290756286 1.353198759 1.698639103 1.945661479 1.95281653 1.955328981
 0.01254626471 0.03442783576 0.06977485693 0.1155922791 0.177932185 0.2656170606 0.3911510019 0.5724531501 0.835403653 1.217534163 1.773384486 1.447111379 1.036466073 0.5658409865 0.07354244521 0.4496753729 0.9300739026 1.35696358 1.705082738 1.954645526 1.960442062 1.962056177
 0.01268020352 0.03478492784 0.07032630066 0.1164282768 0.1791879633 0.267496209 0.3939594118 0.576649498 0.841675051 1.226909598 1.787404908 1.459575971 1.046946945 0.5740958258 0.08128997924 0.4481185635 0.9311006305 1.360741814 1.711473033 1.963361724 1.968351497 1.96899104
 0.01281674221 0.03514605572 0.07088466064 0.1172749885 0.18045987 0.2693993925 0.3968035307 0.5808989011 0.8480254005 1.236402803 1.801601508 1.472197974 1.05756577 0.5824798449 0.08911712648 0.4466305806 0.9321610113 1.364531908 1.717802346 1.971792412 1.976516137 1.976092256
 0.01295537827 0.03551011748 0.07144830167 0.1181299528 0.1817441842 0.271320974 0.3996748049 0.5851883691 0.8544349658 1.245983793 1.815928742 1.484934969 1.068284042 0.5909577815 0.09697675005 0.4452250065 0.9332635343 1.368340806 1.724085964 1.979982521 1.984870506 1.983291643
 0.01309560374 0.03587600527 0.07201556206 0.1189906581 0.1830370999 0.273255176 0.402564454 0.5895045465 0.8608834228 1.255621636 1.830339543 1.497742911 1.079061449 0.5994922616 0.1048241316 0.4439158466 0.9344192888 1.372182357 1.730358749 1.988033415 1.993315851 1.990498664
 0.01323690874 0.03624261174 0.07258476369 0.1198545577 0.1843347489 0.2751961173 0.4054635268 0.5938337977 0.8673499898 1.265284653 1.844785625 1.510576411 1.089856148 0.6080441283 0.1126162523 0.442717086 0.9356408686 1.376074464 1.736668124 1.996086557 2.001729447 1.997609174
 0.01337878511 0.03660883665 0.07315422258 0.1207190863 0.1856332265 0.2771378524 0.4083629615 0.5981623002 0.8738135695 1.274940634 1.859217813 1.52338905 1.100625072 0.6165727915 0.1203114349 0.4416422216 0.9369410404 1.380035355 1.74306423 2.004298749 2.009978719 2.004517509
 0.01352072999 0.03697359364 0.07372226002 0.1215816772 0.1869286185 0.2790744128 0.4112536506 0.6024761442 0.8802529024 1.284557072 1.8735864 1.536133717 1.111324248 0.6250365802 0.1278691746 0.4407038567 0.9383314083 1.384079546 1.749588617 2.01281215 2.017938345 2.011130298
 0.0136622495 0.03733581692 0.07428721385 0.1224397802 0.1882170292 0.280999851 0.4141265087 0.6067614373 0.8866467284 1.294101414 1.887841525 1.548762969 1.121909133 0.6333930807 0.1352500396 0.4399134427 0.9398213325 1.388214195 1.756263244 2.021723406 2.025507857 2.017379903
 0.01380286219 0.03769446809 0.07484745001 0.1232908801 0.1894946101 0.2829082854 0.4169725423 0.6110044142 0.8929739559 1.303541316 1.901933568 1.561229404 1.132334954 0.6415994494 0.142415565 0.4392812403 0.9414173551 1.392436563 1.763081681 2.031056781 2.032626935 2.023235122
 0.01394210242 0.03804854261 0.07540137393 0.1241325151 0.1907575888 0.2847939461 0.4197829223 0.6151915482 0.8992138358 1.312844915 1.915813566 1.573486051 1.142557061 0.6496126941 0.1493280926 0.4388165415 0.9431233299 1.396733208 1.770004321 2.040746062 2.039285693 2.02870695
 0.01407952359 0.03839707624 0.07594744184 0.124962295 0.1920022988 0.2866512209 0.4225490554 0.619309665 0.9053461388 1.321981104 1.929433629 1.585486774 1.152531274 0.6573899293 0.1559505481 0.4385281584 0.9449413682 1.401081347 1.776958952 2.050629254 2.045527766 2.033847721
 0.01421470111 0.03873915108 0.07648417172 0.1257779188 0.1932252071 0.2884747006 0.4252626569 0.6233460562 0.9113513342 1.330919811 1.942747381 1.597186688 1.16221426 0.6648886199 0.162246175 0.438425142 0.9468735892 1.405452526 1.783847436 2.060458592 2.051444887 2.038742847
 0.01434723514 0.03907390127 0.07701015374 0.1265771927 0.1944229428 0.2902592233 0.4279158206 0.6272885912 0.917210767 1.339632278 1.955710387 1.608542584 1.171563915 0.6720668368 0.1681782762 0.4385176508 0.9489245335 1.4098184 1.790558333 2.069926432 2.0571628 2.043495447
 0.01447675298 0.03940051824 0.07752406004 0.1273580454 0.195592323 0.2919999169 0.430501087 0.6311258264 0.9229068329 1.348091339 1.968280597 1.619513379 1.180539786 0.6788835571 0.1737100346 0.4388178576 0.9511039645 1.414158059 1.796984429 2.07870523 2.062819667 2.048205312
 0.01460291126 0.03971825539 0.07802465377 0.1281185442 0.1967303778 0.2936922394 0.4330115084 0.63484711 0.9284231464 1.356271692 1.980418781 1.630060565 1.189103528 0.6852990424 0.1788044994 0.439340757 0.9534296763 1.418466016 1.803043194 2.08649742 2.068539324 2.052944586
 0.01472539768 0.04002643228 0.0785107972 0.1288569081 0.1978343727 0.2953320151 0.4354407084 0.6384426792 0.9337447017 1.364150162 1.992088956 1.640148682 1.197219409 0.6912753289 0.1834248244 0.4401047288 0.955929859 1.422759736 1.808697521 2.093089006 2.074402759 2.057733289
 0.01484393241 0.04032443804 0.07898145872 0.1295715203 0.198901829 0.2969154684 0.4377829365 0.641903751 0.9388580216 1.371705948 2.003258804 1.649745789 1.204854867 0.6967768533 0.1875348337 0.4411317251 0.9586445607 1.427085499 1.813973705 2.098399326 2.080421781 2.06251811
 0.01495826918 0.0406117342 0.07943571872 0.1302609383 0.1999305407 0.298439252 0.4400331163 0.6452226017 0.943751292 1.378920854 2.013900055 1.658823938 1.211981112 0.7017712271 0.191099961 0.4424469693 0.9616258395 1.431521455 1.818973656 2.102519248 2.08651895 2.067157903
 0.01506819595 0.04088785661 0.07987277422 0.1309239021 0.2009185889 0.299900471 0.4421868847 0.648392635 0.9484144799 1.38577949 2.023988854 1.667359637 1.218573757 0.706230153 0.1940885737 0.444078098 0.9649363086 1.43617697 1.823878832 2.105730949 2.092517355 2.071418919
 0.01517353518 0.04115241672 0.08029194202 0.1315593405 0.2018643522 0.3012967007 0.4442406242 0.6514084369 0.952839429 1.392269448 2.033506073 1.675334281 1.22461347 0.710130455 0.1964736427 0.4460537228 0.9686459431 1.441187738 1.828944244 2.108504517 2.098142852 2.074982031
 0.01527414376 0.04140510192 0.08069266063 0.1321663747 0.2027665136 0.302625999 0.4461914837 0.6542658145 0.9570199322 1.398381436 2.04243757 1.682734536 1.230086603 0.7134551724 0.1982346703 0.4484014406 0.9728272133 1.446706637 1.83448208 2.111469515 2.103039912 2.077463005
 0.0153699126 0.04164567508 0.08107449049 0.1327443196 0.2036240634 0.303886912 0.4480373904 0.6569618188 0.9609517771 1.404109369 2.050774379 1.68955266 1.234985764 0.7161946495 0.1993597373 0.4511453749 0.9775488164 1.452890834 1.840835787 2.115362885 2.106800517 2.078445352
 0.01546076575 0.04187397323 0.0814371129 0.1332926827 0.2044362981 0.3050784736 0.4497770501 0.6594947491 0.9646327606 1.409450414 2.058512821 1.695786729 1.239310298 0.7183475334 0.1998474948 0.4543033856 0.9828684737 1.459886136 1.848346703 2.12095771 2.109003796 2.077523381
 0.01554665927 0.04208990538 0.08178032733 0.1338111605 0.205202815 0.3062001972 0.4514099365 0.6618641384 0.9680626732 1.414404978 2.065654519 1.701440755 1.243066615 0.7199215878 0.1997088954 0.457884135 0.9888254221 1.467810018 1.857316395 2.128979867 2.109262451 2.074351251
 0.01562757974 0.04229344955 0.08210404729 0.1342996322 0.205923503 0.3072520616 0.4529362685 0.6640707197 0.9712432486 1.418976638 2.072206314 1.706524667 1.246268344 0.7209342301 0.198968459 0.4618842529 0.9954333413 1.476735073 1.867968577 2.140021233 2.107270863 2.068692152
 0.01570354237 0.04248464899 0.08240829482 0.1347581514 0.2065985292 0.3082344901 0.4543569769 0.6661163733 0.9741780807 1.423172013 2.078180076 1.71105415 1.248936262 0.7214127093 0.197664883 0.4662858816 1.002674503 1.486674713 1.880414843 2.154458901 2.102849123 2.060460871
 0.01577458896 0.04266360765 0.08269319359 0.1351869354 0.2072283215 0.309148322 0.4556736601 0.6680040539 0.9768725073 1.427000575 2.083592399 1.715050338 1.251097986 0.721393864 0.1958508467 0.4710549135 1.010495902 1.497572944 1.8946284 2.172389755 2.095977334 2.049753102
 0.01584078537 0.04283048498 0.08295896078 0.1355863518 0.2078135482 0.3099947802 0.4568885289 0.6697377019 0.9793334629 1.430474411 2.088464199 1.718539339 1.252787408 0.7209234285 0.1935919284 0.4761402212 1.018808006 1.50929976 1.910429526 2.193589019 2.086815321 2.036856097
 0.01590221899 0.04298549012 0.08320589791 0.1359569045 0.2083550941 0.3107754314 0.458004343 0.6713221376 0.9815693022 1.433607919 2.092820211 1.721551633 1.254043899 0.7200548897 0.1909646268 0.4814741361 1.027486569 1.521653247 1.927485537 2.217499784 2.075704345 2.022237681
 0.01595899577 0.04312887556 0.08343438055 0.1362992165 0.2088540336 0.311492143 0.4590243392 0.6727629417 0.9835896006 1.436417474 2.096688402 1.724121333 1.254911293 0.7188479377 0.1880535744 0.4869743244 1.036377653 1.534368855 1.945326739 2.243257985 2.063149423 2.006513751
 0.01601123726 0.04326093041 0.08364484744 0.1366140129 0.209311602 0.3121470354 0.4599521528 0.6740663249 0.9854049337 1.438921049 2.100099319 1.726285353 1.255436701 0.7173665866 0.1849481156 0.492547064 1.045305674 1.547135525 1.96337807 2.269753654 2.049783065 1.990397732
 0.01605907741 0.04338197323 0.0838377888 0.1369021011 0.2097291645 0.3127424316 0.4607917346 0.6752389891 0.9870266436 1.441137818 2.103085388 1.72808251 1.255669216 0.7156770768 0.181738503 0.4980917465 1.054083913 1.559617491 1.98100425 2.29572473 2.036313515 1.974638285
 0.01610265933 0.04349234478 0.08401373428 0.1371643523 0.2101081845 0.313280805 0.4615472644 0.6762879836 0.9884665961 1.443087734 2.105680193 1.729552593 1.255658574 0.7138456916 0.1785120195 0.503506249 1.062526598 1.571479838 1.997564301 2.319874955 2.023462579 1.959953188
 0.01614213208 0.04359240055 0.08417324073 0.1374016804 0.2104501908 0.3137647259 0.4622230629 0.6772205589 0.9897369365 1.444791123 2.107917756 1.730735448 1.255453838 0.7119366332 0.1753493567 0.5086926765 1.070461407 1.582415254 2.012469817 2.341003225 2.011899552 1.946967462
 0.01617764741 0.04368250334 0.08431687981 0.1376150228 0.2107567452 0.3141968083 0.4628235047 0.6780440228 0.9908498488 1.446268269 2.109831837 1.731670108 1.255102195 0.7100100995 0.172321562 0.5135628863 1.077741112 1.592169107 2.025240416 2.358129187 2.00217848 1.93616233
 0.01620935661 0.04376301588 0.08444522579 0.1378053199 0.2110294098 0.3145796572 0.463352932 0.6787655994 0.9918173235 1.447539034 2.111455285 1.732394008 1.254647894 0.7081206901 0.1694878138 0.5180431996 1.084253108 1.600560011 2.035549824 2.370599408 1.994685878 1.927839327
 0.01623740753 0.04383429374 0.08455884373 0.1379734963 0.211269716 0.3149158182 0.4638155732 0.6793922959 0.9926509401 1.448622497 2.112819449 1.732942309 1.254131415 0.7063162394 0.1668941904 0.5220777842 1.089925763 1.607493446 2.043256824 2.378160269 1.989605029 1.922101357
 0.01626194175 0.04389667851 0.0846582781 0.1381204419 0.2114791351 0.3152077293 0.464215465 0.679930778 0.993361667 1.449536634 2.113953657 1.733347346 1.253588866 0.7046371369 0.1645734929 0.5256303353 1.094730853 1.612966731 2.048417033 2.380987636 1.986901266 1.918850809
 0.01628309193 0.04395049138 0.08474404208 0.1382469951 0.2116590496 0.3154576764 0.4645563813 0.6803872562 0.9939596811 1.450298035 2.114884782 1.733638213 1.253051634 0.7031161508 0.1625460664 0.5286838858 1.098681778 1.617064638 2.051273683 2.379668676 1.986330326 1.917803995
 0.01630097945 0.0439960272 0.08481660774 0.1383539263 0.2118107284 0.3156677525 0.4648417682 0.6807673841 0.9944542104 1.450921667 2.115636896 1.733840484 1.252546277 0.7017787245 0.1608214692 0.5312387963 1.101827735 1.619945988 2.052228101 2.375137207 1.987469265 1.918521038
 0.0163157123 0.04403354916 0.08487639707 0.1384419241 0.2119353034 0.315839821 0.465074687 0.6810761693 0.994853399 1.451420672 2.116230989 1.733976042 1.252094619 0.7006436701 0.1594007635 0.5333091888 1.104244473 1.621822659 2.051793046 2.368569824 1.989766812 1.920450044
 0.01632738327 0.04406328404 0.08492377418 0.1385115819 0.2120337493 0.3159754842 0.4652577644 0.681317898 0.9951641949 1.451806213 2.11668477 1.734063024 1.251714005 0.699724149 0.1582791623 0.5349182683 1.106022675 1.622933286 2.050534089 2.361254834 1.99260774 1.922983427
 0.01633606843 0.04408541824 0.08495903856 0.1385633879 0.2121068669 0.3160760561 0.4653931514 0.6814960727 0.9953922594 1.452087348 2.117012532 1.734115822 1.251417653 0.6990288042 0.1574487562 0.5360930946 1.107255229 1.623514563 2.049005605 2.354449216 1.99538416 1.925522353
 0.01634182588 0.04410009445 0.0849824197 0.138597716 0.2121552688 0.3161425415 0.4654824902 0.6816133627 0.995541897 1.452270944 2.117225052 1.734145139 1.25121504 0.6985628976 0.1569010554 0.5368594236 1.108024826 1.62377329 2.047688491 2.349239882 1.997565723 1.9275431
 0.01634469489 0.04410740921 0.08499407291 0.1386148191 0.2121793695 0.3161756193 0.4655268893 0.6816715675 0.995616005 1.452361609 2.117329541 1.734158059 1.251112255 0.698329311 0.156629117 0.5372372158 1.108393231 1.623862243 2.046936475 2.346424562 1.998760779 1.928657426
 0.01634469522 0.04410741121 0.08499407654 0.1386148247 0.212179378 0.3161756317 0.465526907 0.6816715931 0.9956160403 1.45236166 2.11732961 1.734158105 1.25111227 0.6983292884 0.1566290716 0.5372373271 1.108393406 1.623862486 2.046936792 2.346424961 1.998761523 1.928658694
 0.01634182688 0.04410010045 0.08498243059 0.138597733 0.2121552941 0.3161425786 0.4654825436 0.6816134395 0.9955420031 1.452271095 2.117225261 1.73414528 1.251215088 0.6985628313 0.1569009198 0.5368597552 1.108025347 1.623774013 2.047689438 2.349241075 1.997567941 1.927546873
 0.0163360701 0.04408542826 0.08495905673 0.1385634162 0.2121069091 0.316076118 0.4653932406 0.6814962011 0.995392437 1.452087601 2.117012882 1.734116059 1.251417737 0.6990286982 0.1574485326 0.5360936397 1.107256086 1.623515757 2.049007169 2.354451188 1.995387806 1.925528546
 0.01632738563 0.0440632981 0.08492379965 0.1385116216 0.2120338086 0.3159755711 0.4652578897 0.6813180785 0.995164445 1.45180657 2.116685264 1.734063362 1.251714129 0.6997240098 0.1582788543 0.5349190155 1.106023855 1.622934933 2.050536249 2.361257561 1.992612739 1.922991902
 0.01631571536 0.04403356727 0.08487642989 0.1384419752 0.2119353798 0.3158399332 0.4650748487 0.6810764026 0.9948537228 1.451421135 2.116231631 1.733976486 1.252094791 0.7006435067 0.1594003763 0.5333101226 1.104245957 1.621824733 2.051795772 2.368573272 1.989773063 1.92046061
 0.01630098324 0.04399604941 0.08481664794 0.138353989 0.2118108221 0.3156678902 0.4648419669 0.6807676711 0.9944546096 1.450922239 2.115637692 1.733841039 1.252546505 0.7017785482 0.1608210095 0.5312398972 1.101829497 1.61994846 2.052231356 2.375141333 1.987476642 1.91853346
 0.01628309648 0.04395051771 0.08474408971 0.1382470693 0.2116591607 0.3154578399 0.4645566175 0.6803875981 0.9939601576 1.450298719 2.114885738 1.733638889 1.253051928 0.7031159748 0.1625455428 0.5286851306 1.098683788 1.61706747 2.051277422 2.379673427 1.986338682 1.917818
 0.01626194709 0.043896709 0.0846583332 0.1381205279 0.2114792638 0.3152079188 0.4642157394 0.6799311758 0.993362223 1.449537434 2.113954778 1.73334815 1.253589238 0.7046369763 0.1645729158 0.5256316977 1.094733077 1.61296988 2.048421202 2.38099295 1.986910437 1.91886609
 0.01623741369 0.04383432842 0.08455890635 0.137973594 0.2112698625 0.3149160342 0.4638158864 0.6793927508 0.9926515778 1.448623417 2.112820744 1.732943251 1.254131877 0.7063161109 0.1668935722 0.5220792351 1.089928163 1.607496862 2.043261363 2.378166073 1.989614837 1.922117584
 0.01620936361 0.0437630548 0.08444529598 0.1378054295 0.2110295742 0.3145799 0.4633532846 0.6787661126 0.9918180451 1.447540078 2.111456761 1.732395098 1.25464846 0.7081206113 0.1694871686 0.5180447078 1.084255643 1.600563643 2.035554667 2.370605622 1.994696136 1.927856153
 0.0161776553 0.04368254653 0.08431695759 0.1376151443 0.2107569277 0.3141970782 0.4628238974 0.6780445956 0.9908506567 1.446269442 2.1098335 1.731671356 1.255102878 0.7100100888 0.172320906 0.5135644192 1.077743739 1.592172898 2.025245491 2.358135721 2.002188996 1.936179401
 0.01614214091 0.04359244804 0.08417332614 0.1374018139 0.2104503915 0.3137650231 0.4622234963 0.6772211924 0.9897378329 1.444792428 2.107919615 1.730736864 1.255454653 0.7119367095 0.1753487076 0.5086942011 1.070464081 1.582419145 2.012475047 2.341009981 2.011910134 1.946984421
 0.01610266913 0.04349239659 0.08401382733 0.1371644978 0.2101084034 0.3132811297 0.4615477389 0.6762886788 0.988467583 1.443089175 2.105682255 1.729554187 1.255659533 0.7138458738 0.1785113964 0.5035077319 1.062529273 1.571483769 1.997569608 2.31988183 2.023473037 1.959969691
 0.01605908821 0.04338202937 0.08383788947 0.1369022587 0.2097294018 0.312742784 0.4607922506 0.6752397469 0.9870277227 1.441139398 2.103087659 1.728084291 1.255670334 0.7156773831 0.1817379258 0.4980931557 1.054086543 1.559621401 1.981009552 2.295731617 2.036323666 1.974654004
 0.01601124911 0.04326099089 0.08364495571 0.1366141824 0.2093118576 0.3121474155 0.4599527105 0.6740671458 0.9854061065 1.438922773 2.100101805 1.726287329 1.255437989 0.7173670345 0.1849476049 0.492548369 1.045308216 1.547139355 1.963383286 2.269760443 2.049792737 1.990412368
 0.01595900869 0.04312894037 0.08343449637 0.1362993979 0.2088543074 0.3114925509 0.4590249386 0.672763826 0.9835908681 1.436419342 2.096691107 1.724123511 1.254912762 0.7188485434 0.1880531505 0.4869754972 1.036380066 1.534372547 1.945331792 2.243264568 2.063158457 2.006527038
 0.01590223301 0.04298555922 0.08320602118 0.1359570976 0.208355386 0.3107758668 0.4580049841 0.6713230855 0.9815706649 1.433609932 2.092823137 1.721554019 1.254045559 0.7200556675 0.1909643094 0.4814751521 1.027488816 1.521656748 1.927490353 2.217506057 2.075712598 2.0222494
 0.01584080053 0.04283055833 0.0829590914 0.1355865565 0.2078138579 0.3099952427 0.4568892113 0.669738713 0.9793349206 1.430476571 2.088467349 1.718541937 1.252789265 0.7209243909 0.1935917359 0.4761410596 1.018810053 1.509303024 1.910434038 2.193594888 2.086822675 2.036866074
 0.01577460527 0.04266368519 0.08269333139 0.1351871514 0.2072286486 0.3091488113 0.4556743832 0.6680051275 0.9768740595 1.427002881 2.083595773 1.71505315 1.251100047 0.721395021 0.1958507959 0.471055558 1.010497721 1.497575931 1.894632551 2.172395134 2.095983691 2.049761216
 0.01570355986 0.04248473064 0.08240843964 0.1347583785 0.2065988733 0.3082350054 0.4543577399 0.6661175083 0.974179726 1.423174462 2.078183672 1.711057177 1.248938531 0.7214140681 0.1976649884 0.4662863205 1.002676073 1.486677389 1.880418584 2.154463719 2.10285441 2.060467054
 0.0156275984 0.0422935352 0.08210419889 0.13429987 0.2059238636 0.3072526023 0.4529370702 0.6640719146 0.9712449849 1.418979229 2.072210128 1.706527906 1.24627082 0.7209357952 0.1989687327 0.4618844796 0.9954346477 1.476737416 1.867971875 2.140025439 2.107275036 2.068696389
 0.01554667912 0.04208999491 0.08178048546 0.1338114086 0.2052031915 0.3062007622 0.4514107757 0.6618653911 0.9680644978 1.414407706 2.065658545 1.701444204 1.243069297 0.7199233606 0.1997093463 0.4578841481 0.9888264575 1.467812015 1.857319228 2.128983427 2.109265496 2.074353578
 0.01546078678 0.04187406649 0.08143727725 0.1332929406 0.2044366896 0.3050790619 0.449777925 0.6594960573 0.96463467 1.409453274 2.058517052 1.69579038 1.239313182 0.7183495119 0.1998481291 0.4543031887 0.9828692378 1.459887783 1.848349065 2.120960612 2.109005726 2.07752388
 0.0153699348 0.0416457719 0.08107466072 0.1327445867 0.2036244692 0.3038875223 0.4480382991 0.6569631796 0.9609537669 1.404112354 2.050778806 1.689556504 1.234988843 0.7161968287 0.1993605577 0.4511449767 0.9775493166 1.452892141 1.840837688 2.115365139 2.106801377 2.078444147
 0.01527416711 0.04140520211 0.08069283636 0.1321666504 0.2027669327 0.3026266298 0.446192424 0.6542672245 0.9570219976 1.398384539 2.04244218 1.682738563 1.230089866 0.713457544 0.1982356764 0.4484008544 0.9728274642 1.446707619 1.834483543 2.111471154 2.103039775 2.077460259
 0.01517355964 0.04115252005 0.08029212285 0.1315596242 0.2018647835 0.3012973504 0.4442415937 0.6514098924 0.9528415643 1.39227266 2.033510854 1.675338479 1.224616907 0.7101330076 0.1964748312 0.4460529663 0.968645966 1.441188424 1.828945307 2.108505594 2.09814182 2.074977934
 0.0150682215 0.04088796284 0.07987295967 0.130924193 0.2009190313 0.2999011379 0.4421878807 0.6483941318 0.9484166788 1.385782801 2.02399379 1.667363991 1.218577352 0.7062328725 0.194089938 0.4440771927 0.964936131 1.436177397 1.823879546 2.105731539 2.092515551 2.071413691
 0.01495829576 0.04061184307 0.07943590833 0.1302612356 0.199930993 0.2984399342 0.4400341358 0.6452241352 0.9437535476 1.378924254 2.013905128 1.65882843 1.211984848 0.7017740966 0.191101492 0.4424459402 0.961625494 1.431521667 1.818974083 2.102519441 2.086516521 2.06715178
 0.01484395996 0.04032454928 0.07898165195 0.1295718232 0.1989022899 0.2969161637 0.4377839765 0.6419053165 0.9388603264 1.371709425 2.003263997 1.649750401 1.204858727 0.6967798536 0.1875365197 0.4411305998 0.9586440844 1.427085545 1.813973917 2.098399227 2.080418891 2.062511345
 0.01472542614 0.04002654557 0.07851099351 0.1288572157 0.1978348408 0.2953327215 0.4354417655 0.6384442714 0.9337470479 1.364153703 1.99209425 1.640153395 1.197223371 0.691278439 0.1834266517 0.4401035369 0.9559292921 1.422759673 1.808697595 2.093088728 2.074399583 2.057726141
 0.01460294056 0.03971837043 0.07802485259 0.1281188555 0.1967308516 0.2936929546 0.4330125792 0.6348487237 0.9284255256 1.356275285 1.980424154 1.630065359 1.189107572 0.6853022395 0.1788064523 0.4393395293 0.9534290612 1.418465901 1.803043212 2.086497083 2.068536046 2.052937319
 0.01447678302 0.03940063469 0.07752426077 0.1273583595 0.1955928011 0.2920006387 0.4305021679 0.631127456 0.9229092365 1.348094969 1.968286029 1.619518231 1.180543889 0.6788868174 0.1737120964 0.4388166254 0.951103344 1.41415795 1.796984473 2.078704952 2.062816472 2.04819819
 0.01434726584 0.03907401879 0.07701035578 0.1265775087 0.1944234236 0.2902599492 0.4279169078 0.6272902309 0.9172131863 1.339635932 1.955715856 1.608547472 1.171568055 0.6720701359 0.1681804288 0.4385164447 0.94892395 1.409818355 1.790558485 2.06992633 2.05715987 2.04348873
 0.01421473237 0.0387392693 0.07648437444 0.1257782357 0.1932256891 0.2884754283 0.4252637469 0.6233477003 0.9113537602 1.330923475 1.942752865 1.59719159 1.162218413 0.6648919333 0.1622483999 0.4384239915 0.9468730833 1.4054526 1.783847771 2.060458773 2.051442396 2.038736782
 0.0140795553 0.0383971948 0.07594764461 0.1249626117 0.1920027804 0.286651948 0.4225501445 0.6193113078 0.9053485628 1.321984764 1.929439107 1.585491669 1.152535418 0.6573932326 0.1559528265 0.438527091 0.9449409774 1.40108159 1.77695954 2.050629815 2.045525875 2.033842544
 0.01394213446 0.03804866113 0.07540157611 0.1241328307 0.1907580686 0.2847946703 0.4197840067 0.6151931839 0.8992162488 1.312848557 1.915819015 1.573490916 1.142561174 0.6496159638 0.149330406 0.4388155818 0.9431230877 1.396733665 1.77000522 2.040747084 2.039284544 2.028702875
 0.01380289445 0.0376945862 0.07484765098 0.1232911936 0.1894950863 0.2829090042 0.4169736184 0.6110060372 0.8929763494 1.303544927 1.901938968 1.561234219 1.132339016 0.6416026634 0.1424178952 0.4392804094 0.94141729 1.392437271 1.763082943 2.03105833 2.032626652 2.023232341
 0.01366228185 0.03733593425 0.07428741298 0.1224400905 0.1882175006 0.2810005621 0.4141275729 0.6067630421 0.886649094 1.294104981 1.887846855 1.548767714 1.121913122 0.6333962182 0.1352523691 0.4399127578 0.9398214674 1.388215183 1.756264905 2.021725531 2.025508538 2.017378577
 0.01352076229 0.0369737098 0.07372245669 0.1215819835 0.1869290834 0.279075114 0.4112546996 0.6024777255 0.8802552322 1.284560582 1.873591642 1.536138373 1.111328148 0.6250396227 0.1278714869 0.4407033305 0.9383317596 1.384080834 1.749590704 2.01281488 2.017940062 2.011130552
 0.01337881722 0.03660895127 0.07315441618 0.1207193876 0.1856336835 0.2771385415 0.4083639919 0.598163853 0.8738158558 1.274944076 1.859222948 1.5233936 1.100628866 0.6165757227 0.1203137147 0.441641862 0.9369416181 1.380036955 1.743066754 2.004302097 2.009981513 2.004519429
 0.01323694054 0.03624272445 0.07258495364 0.1198548531 0.1843351967 0.2751967922 0.4054645356 0.5938353172 0.8673522254 1.265288016 1.844790637 1.51058084 1.089859821 0.6080469344 0.1126184854 0.442716896 0.9356416755 1.376076377 1.736671085 1.996090518 2.001733333 1.997612802
 0.01309563507 0.0358761157 0.07201574779 0.1189909467 0.1830375373 0.2732558348 0.4025654383 0.5895060283 0.8608856013 1.25562491 1.830344417 1.497747205 1.079064989 0.5994949317 0.104826305 0.4439158242 0.9344203209 1.372184576 1.730362135 1.988037969 1.993320812 1.990503995
 0.01295540898 0.03551022528 0.07144848264 0.1181302338 0.1817446099 0.2713216149 0.3996757619 0.5851898091 0.8544370811 1.245986969 1.815933465 1.484939117 1.068287441 0.5909603075 0.09697885187 0.4452251446 0.9332647806 1.368343314 1.72408975 1.979987633 1.984876496 1.983298624
 0.01281677217 0.03514616055 0.07088483633 0.1172752611 0.1804602827 0.2694000138 0.3968044579 0.5809002957 0.8480274472 1.236405873 1.801606068 1.472201965 1.057569019 0.5824822218 0.08911914571 0.4466308673 0.9321624544 1.36453468 1.717806497 1.971798032 1.976523081 1.976100785
 0.01268023258 0.03478502936 0.07032647058 0.1164285405 0.1791883622 0.2674968091 0.393960307 0.5766508438 0.8416770243 1.226912555 1.787409295 1.459579799 1.04695004 0.5740980517 0.08129190537 0.4481189826 0.9311022467 1.360744816 1.711477502 1.963367793 1.968359293 1.969000968
 0.01254629271 0.03442793366 0.06977502062 0.1155925329 0.177932569 0.2656176382 0.3911518629 0.572454444 0.8354055487 1.217537001 1.773388692 1.447115037 1.036469011 0.5658430621 0.07354426774 0.4496759039 0.9300756626 1.356966771 1.705087471 1.95465197 1.960450582 1.962067313
 0.01241544612 0.03407596329 0.06923208582 0.1147696352 0.1766965167 0.2637679655 0.3883874027 0.5683236449 0.8292320518 1.208308072 1.759588018 1.434848218 1.026162392 0.5577501141 0.06592712567 0.4512888132 0.9290774979 1.353202091 1.698644035 1.945668214 1.952825625 1.955341095
 0.01228817409 0.0337301902 0.06869922121 0.1139621665 0.1754836929 0.2619530536 0.3856748823 0.5642704859 0.8231747588 1.199253356 1.746049008 1.422817783 1.016064391 0.5498494228 0.05849749855 0.4529458559 0.9281060346 1.349460989 1.692177236 1.936492701 1.945478676 1.948836656
 0.01216494255 0.03339166305 0.06817792987 0.1131723577 0.1742974421 0.2601779379 0.3830218989 0.5603064407 0.8172510031 1.190399034 1.732811191 1.411059906 1.006206804 0.5421683736 0.05132263263 0.4546361669 0.9271627384 1.345761181 1.685735549 1.927247299 1.938376956 1.942545315
 0.01204619916 0.03306140225 0.06766965643 0.1124023422 0.1731409527 0.2584474066 0.3804356602 0.5564423711 0.8114771576 1.181769779 1.719911726 1.399608352 0.9966189037 0.5347314008 0.04448703255 0.4563497351 0.9262515357 1.342125666 1.679379332 1.918080674 1.931471556 1.936442292
 0.01193237074 0.03274039558 0.06717578153 0.1116541479 0.1720172455 0.2567659845 0.3779229613 0.5526884928 0.8058685845 1.173388686 1.707385309 1.388494399 0.9873273741 0.5275599257 0.03810440472 0.458077145 0.9253778088 1.338579873 1.673172923 1.90914672 1.92470994 1.930495338
 0.01182386091 0.03242959434 0.06669761757 0.110929692 0.1709291663 0.255137922 0.3754901687 0.5490543526 0.8004396021 1.165277221 1.695264094 1.377746783 0.9783562908 0.520672353 0.03233711867 0.4598092506 0.9245472804 1.335148651 1.667176699 1.90058383 1.918048009 1.924673625
 0.0117210482 0.03212991015 0.0662364055 0.1102307771 0.1698793808 0.2535671887 0.3731432112 0.5455488164 0.7952034702 1.157455206 1.683577685 1.367391699 0.9697271461 0.5140841172 0.02742338106 0.4615368459 0.9237649676 1.33185359 1.661440318 1.892498098 1.911459905 1.918955538
 0.01162428446 0.03184221231 0.06579331289 0.1095590892 0.168870373 0.2520574717 0.3708875792 0.5421800692 0.7901723924 1.149940823 1.672353146 1.357452839 0.9614589139 0.5078077751 0.02369602101 0.4632503947 0.9230343578 1.328711047 1.655998077 1.884952666 1.904944193 1.913334261
 0.01153389365 0.03156732582 0.06536943303 0.1089161979 0.1679044461 0.2506121779 0.3687283294 0.5389556259 0.7853575355 1.142750655 1.661615068 1.347951469 0.9535681524 0.501853139 0.02153007858 0.4649398676 0.9223569184 1.32573112 1.650866941 1.877964334 1.898525693 1.907820483
 0.01145017114 0.03130603003 0.0649657852 0.1083035581 0.166983726 0.2492344411 0.3666700978 0.5358823517 0.7807690645 1.135899738 1.651385661 1.338906542 0.946069141 0.4962274488 0.02113818987 0.4665947168 0.9217319884 1.322917667 1.646047321 1.871507388 1.892252949 1.90244202
 0.01137338332 0.03105905785 0.06458331592 0.1077225128 0.1661101676 0.2479271326 0.3647171168 0.5329664919 0.7764161914 1.129401643 1.64168489 1.330334839 0.9389740484 0.4909355803 0.02234661988 0.468203991 0.9211570412 1.320269279 1.641526299 1.865523525 1.88619199 1.897240671
 0.01130376768 0.03082709552 0.06422290102 0.1071742982 0.1652855627 0.2466928749 0.3628732383 0.5302137093 0.7723072365 1.123268578 1.632530629 1.322251149 0.932293127 0.4859802907 0.02467424306 0.4697565746 0.9206282477 1.317780986 1.63728262 1.859935959 1.880417559 1.892267014
 0.01124153326 0.03061078286 0.06388534862 0.1066600491 0.1645115504 0.2455340585 0.3611419612 0.5276291289 0.7684496999 1.117511501 1.623938848 1.314668458 0.9260349335 0.4813625002 0.02761543848 0.4712415108 0.9201412269 1.315446373 1.63329255 1.854665309 1.875003314 1.887574109
 0.01118686147 0.03041071392 0.06357140255 0.1061808057 0.1637896279 0.2444528603 0.3595264617 0.5252173867 0.764850341 1.112140244 1.615923816 1.307598172 0.920206568 0.4770816102 0.03079375664 0.4726483594 0.919691851 1.313259753 1.62953567 1.849644733 1.870012575 1.883211159
 0.01113990719 0.03022743796 0.06328174635 0.1057375208 0.1631211634 0.2434512641 0.3580296258 0.5229826824 0.7615152621 1.107163653 1.608498312 1.301050339 0.9148139305 0.4731358528 0.03396377036 0.4739675349 0.9192769671 1.311218027 1.625999664 1.844832046 1.865491034 1.879218104
 0.01110080014 0.03006146067 0.06301700743 0.1053310676 0.1625074081 0.242531081 0.3566540831 0.5209288338 0.7584499964 1.102589725 1.60167385 1.295033889 0.9098619861 0.469522668 0.03696986927 0.4751905761 0.918894923 1.309321978 1.622683458 1.840217139 1.861462438 1.875621877
 0.01106964643 0.02991324543 0.06277776132 0.104962247 0.1619495096 0.2416939706 0.3554022402 0.5190593305 0.7556595932 1.098425743 1.595460897 1.289556866 0.9053550353 0.4662390986 0.03971160117 0.4763103123 0.9185458196 1.307576798 1.619598278 1.835823813 1.857927787 1.872434776
 0.01104653026 0.02978321465 0.06256453578 0.1046317951 0.1614485235 0.2409414605 0.3542763132 0.5173773854 0.7531487021 1.094678413 1.589869086 1.284626658 0.9012969798 0.4632821914 0.04212195542 0.4773209089 0.9182314602 1.305991821 1.616766606 1.831706061 1.854867983 1.869655033
 0.01103151552 0.02967175092 0.06237781459 0.1043403901 0.1610054252 0.2402749647 0.353278357 0.5158859834 0.750921649 1.091353986 1.584907411 1.280250214 0.8976915761 0.4606493923 0.0441547371 0.4782177938 0.9179550194 1.304579532 1.614219277 1.827939669 1.852249372 1.867269364
 0.01102464752 0.02957919802 0.0622180408 0.104088658 0.1606211194 0.2396958 0.3524102917 0.5145879228 0.7489825046 1.088458367 1.580584407 1.276434231 0.8945426685 0.4583389179 0.04577725905 0.4789974891 0.917720495 1.303354046 1.611991302 1.824610707 1.850031167 1.865257003
 0.01102595445 0.02950586151 0.06208561932 0.1038771771 0.1602964481 0.2392051991 0.3516739241 0.5134858509 0.7473351412 1.085997206 1.576908293 1.273185324 0.8918543926 0.456350091 0.0469660151 0.4796573815 0.9175320408 1.302329326 1.6101171 1.821802843 1.848173523 1.863594527
 0.01103544875 0.02945200902 0.06198091865 0.1037064822 0.1600321967 0.2388043202 0.351070964 0.5125822902 0.7459832755 1.083975969 1.57388709 1.270510154 0.8896313403 0.4546836229 0.04770403601 0.4801954758 0.9173932905 1.30151742 1.608625928 1.819585507 1.846644976 1.862260699
 0.01105312814 0.02941786994 0.06190427173 0.1035770653 0.159829097 0.238494253 0.3506030339 0.511879655 0.7449304965 1.082399985 1.571528694 1.268415516 0.8878786805 0.453341831 0.04797922439 0.4806101763 0.9173067816 1.300927009 1.60753821 1.818004664 1.845428096 1.861240588
 0.01107897645 0.0294036347 0.06185597564 0.1034893766 0.1596878284 0.2382760203 0.3502716724 0.5113802577 0.7441802765 1.081274462 1.569840914 1.266908389 0.8866022274 0.4523287801 0.04778328528 0.4809001314 0.9172735666 1.300562457 1.606863273 1.817077482 1.844522555 1.860528358
 0.01111296408 0.02940945346 0.06183629029 0.1034438226 0.1596090149 0.2381505751 0.3500783298 0.5110863032 0.743735964 1.080604482 1.568831455 1.265995928 0.8858084549 0.4516503395 0.04711103763 0.4810641667 0.9172930644 1.300423516 1.606598802 1.816791528 1.843945213 1.860128349
 0.0111550481 0.02943543424 0.061845436 0.1034407625 0.159593221 0.2381187927 0.3500243578 0.5109998722 0.7436007585 1.080394961 1.568507867 1.265685418 0.8855044519 0.4513141524 0.0459599813 0.4811013128 0.9173631659 1.300505681 1.60673201 1.817108421 1.843727324 1.860054356
 0.0112051721 0.02948164057 0.0618835899 0.1034805031 0.159640943 0.2381814594 0.3501109901 0.5111228934 0.7437776674 1.080650582 1.568877441 1.265984171 0.8856978211 0.4513295149 0.04433004078 0.4810109202 0.9174805674 1.300801123 1.60724227 1.817971216 1.843909388 1.860327295
 0.01126326563 0.02954808866 0.06195088139 0.1035632914 0.1597525985 0.2383392551 0.3503393175 0.5114571034 0.7442694452 1.081375705 1.56994706 1.266899379 0.8863965221 0.451707169 0.04222343226 0.4807928371 0.9176412663 1.301300036 1.608104758 1.819314251 1.84453455 1.860971685
 0.01132924343 0.02963474422 0.06204738662 0.1036893068 0.1599285132 0.2385927333 0.3507102558 0.512003998 0.7450785165 1.08257424 1.571723014 1.268437925 0.8876086625 0.4524590135 0.03964461707 0.4804476157 0.917841136 1.301992147 1.609294486 1.821073866 1.845641607 1.862011538
 0.01140300437 0.02974151897 0.06217312219 0.1038586502 0.1601689053 0.2389422968 0.3512245082 0.512764773 0.7462068843 1.08424951 1.574210778 1.27060615 0.8893422446 0.4535977449 0.03660031886 0.4799767091 0.9180764822 1.302868165 1.610790082 1.823198296 1.847258746 1.863466325
 0.01148443019 0.029868267 0.06232803814 0.1040713336 0.1604738679 0.2393881703 0.3518825228 0.5137402578 0.7476560257 1.086404085 1.577414751 1.273409593 0.8916048742 0.4551364377 0.03309960464 0.4793826236 0.9183444917 1.303920933 1.612576731 1.82565522 1.849398962 1.865347612
 0.01157338418 0.03001478106 0.06251201058 0.1043272678 0.1608433504 0.2399303707 0.3526844459 0.5149308425 0.7494267787 1.089039604 1.581337982 1.276852702 0.8944034404 0.4570880816 0.02915407682 0.4786689973 0.9186435052 1.305146091 1.614647824 1.828435825 1.852057817 1.867656877
 0.01166970971 0.03018078902 0.06272483402 0.1046262498 0.1612771383 0.2405686762 0.3536300731 0.5163364014 0.7515192211 1.092156588 1.585981869 1.280938524 0.8977437766 0.4594650892 0.02477835172 0.4778405912 0.9189730762 1.306542193 1.617005099 1.83155483 1.855213839 1.870384797
 0.01177322878 0.03036595046 0.06296621369 0.1049679501 0.1617748329 0.2413025935 0.3547187989 0.5179562133 0.7539325461 1.095754242 1.591345855 1.285668393 0.901630312 0.4622787933 0.01999143504 0.4769031903 0.919333811 1.308110233 1.619657272 1.835046559 1.858831399 1.87351207
 0.01188374062 0.0305698537 0.06323575806 0.1053519002 0.1623358311 0.2421313264 0.3559495656 0.5197888821 0.7566649376 1.099830259 1.59742712 1.291041614 0.9060657241 0.46553895 0.01482154458 0.4758634292 0.9197270263 1.309852706 1.622617427 1.838957765 1.862865567 1.877011618
 0.0120010204 0.03079201323 0.06353297181 0.1057774802 0.1629593056 0.243053744 0.357320815 0.5218322595 0.7597134486 1.104380631 1.60422028 1.29705515 0.9110506021 0.469253264 0.009329907996 0.4747285662 0.9201542818 1.311772346 1.625899589 1.843338401 1.867268106 1.880851793
 0.01212481813 0.03103186779 0.06385724939 0.1062439076 0.1636441867 0.2440683517 0.3588304409 0.524083372 0.763073886 1.10939947 1.611717105 1.303703334 0.9165831291 0.4734269501 0.003864163061 0.4735062393 0.9206168701 1.313870761 1.629515052 1.848231844 1.871993635 1.885000061
 0.01225485771 0.03128877902 0.06420786953 0.1067502274 0.1643891454 0.2451732642 0.3604757474 0.5265383529 0.7667407045 1.114878833 1.619906257 1.310977599 0.9226587922 0.4780623436 0.004052772786 0.4722042347 0.921115347 1.316147179 1.633469044 1.853666098 1.877004981 1.889426574
 0.01239083625 0.03156203096 0.06458399068 0.1072953032 0.165192579 0.2463661821 0.362253411 0.529192384 0.7707069137 1.120808586 1.62877306 1.318866242 0.9292701278 0.4831585696 0.01021405612 0.470830301 0.921649178 1.318597513 1.637758252 1.859647353 1.882276876 1.894107054
 0.01253242371 0.03185083023 0.06498464767 0.10787781 0.1660525989 0.2476443726 0.3641594498 0.532039646 0.7749640001 1.127176273 1.638299305 1.327354226 0.9364065068 0.4887112771 0.01705675527 0.4693920265 0.9222165555 1.321213886 1.642369573 1.86615685 1.887797457 1.899024529
 0.01267926278 0.03215430702 0.06540874966 0.1084962302 0.1669670221 0.2490046541 0.366189199 0.5350732799 0.7795018656 1.133967024 1.648463099 1.336423019 0.9440539668 0.4947124444 0.0242451814 0.4678967917 0.922814414 1.323984677 1.647280293 1.87315151 1.893567367 1.904169658
 0.01283096905 0.03247151695 0.06585507946 0.1091488495 0.1679333654 0.2504433874 0.3683372957 0.5382853611 0.7843087868 1.141163488 1.659238762 1.346050487 0.9521950927 0.5011502571 0.03171268981 0.4663517913 0.9234386353 1.326895087 1.652459613 1.880568168 1.899596652 1.909539621
 0.01298713162 0.03280144359 0.06632229431 0.1098337573 0.1689488432 0.2519564705 0.3705976702 0.5416668866 0.7893713928 1.148745796 1.670596764 1.356210835 0.9608089504 0.5080090598 0.03942226635 0.4647641122 0.9240844093 1.32992812 1.657871289 1.888330703 1.905899999 1.915135764
 0.01314731387 0.03314300184 0.06680892808 0.110548848 0.1700103688 0.25353934 0.3729635475 0.5452077751 0.7946746649 1.156691561 1.682503728 1.366874592 0.9698710742 0.5152693808 0.04734339696 0.4631408417 0.9247466873 1.333065815 1.663476939 1.896358905 1.912491088 1.920960414
 0.01331105461 0.03349504191 0.06731339495 0.1112918249 0.1711145598 0.2551869784 0.3754274569 0.5488968815 0.8002019577 1.164975907 1.69492247 1.378008655 0.9793535084 0.5229080271 0.05544725572 0.4614891801 0.9254206549 1.336290537 1.669239479 1.904577652 1.919377004 1.927013395
 0.01347786956 0.03385635404 0.06783399437 0.1120602068 0.1722577466 0.256893926 0.3779812506 0.5527220241 0.8059350407 1.173571536 1.707812096 1.389576386 0.9892249016 0.5308982456 0.06370528688 0.4598165278 0.9261021484 1.339586121 1.675126155 1.912924914 1.926553589 1.933288824
 0.01364725302 0.03422567368 0.06836891749 0.1128513364 0.1734359842 0.2586542992 0.3806161302 0.556670026 0.8118541605 1.182448819 1.721128148 1.401537746 0.9994506524 0.5392099447 0.0720887157 0.4581305264 0.9267879492 1.342938684 1.681110679 1.921357334 1.934002477 1.939772704
 0.01381867981 0.03460168718 0.06891625469 0.1136623908 0.1746450684 0.2604618134 0.3833226819 0.5607267677 0.8179381222 1.191575923 1.734822799 1.413849486 1.009993103 0.54780997 0.08056839341 0.4564390377 0.9274759118 1.346336994 1.687174152 1.929852501 1.941690266 1.946441711
 0.01399160746 0.03498303798 0.06947400422 0.1144903938 0.1758805535 0.2623098108 0.3860909189 0.5648772519 0.824164388 1.200918961 1.748845079 1.426465376 1.020811773 0.5566624236 0.08911479432 0.4547500608 0.9281649094 1.349772344 1.693304646 1.938407585 1.949569949 1.953263384
 0.01416547856 0.035368333 0.07004008191 0.1153322307 0.1771377739 0.2641912929 0.3889103301 0.5691056784 0.8305091923 1.21044217 1.763141153 1.439336468 1.031863633 0.5657290183 0.09769809585 0.4530715934 0.9288546105 1.353237961 1.699495539 1.94703463 1.957584341 1.960197675
 0.01433972322 0.03575614938 0.07061233161 0.1161846634 0.1784118681 0.2660989561 0.3917699354 0.5733955286 0.8369476706 1.220108109 1.77765462 1.452411394 1.043103406 0.5749694545 0.1062883075 0.451411455 0.9295451257 1.356728067 1.705742894 1.955753285 1.965670963 1.967199633
 0.01451376173 0.03614504135 0.0711885364 0.1170443475 0.179697804 0.2680252314 0.3946583455 0.5777296566 0.8434540004 1.229877872 1.792326852 1.465636691 1.054483892 0.5843418081 0.1148554259 0.4497770975 0.9302365874 1.360236741 1.712042338 1.964582218 1.973767586 1.97422279
 0.01468700724 0.03653354729 0.07176643036 0.117907851 0.1809904071 0.2699623266 0.3975638267 0.5820903887 0.8500015519 1.239711326 1.807097339 1.478957139 1.065956307 0.5938029189 0.1233695984 0.4481754272 0.9309287313 1.3637568 1.718385958 1.973530631 1.981817564 1.981222698
 0.01485886854 0.03692019672 0.07234371069 0.1187716723 0.182284389 0.2719022703 0.4004743685 0.5864596261 0.856563046 1.249567343 1.821904069 1.49231612 1.077470634 0.6033087673 0.1318012788 0.4466126635 0.93162055 1.36727886 1.724759741 1.982591253 1.989774119 1.98816005
 0.01502875281 0.03730351742 0.07291805021 0.1196322605 0.183574378 0.2738369584 0.4033777536 0.5908189526 0.8631107186 1.259404061 1.836683904 1.505655983 1.088975968 0.6128148337 0.1401213652 0.4450942512 0.9323100749 1.370790765 1.731141979 1.991735992 1.997602942 1.995002894
 0.01519606845 0.03768204236 0.07348710998 0.1204860353 0.1848549495 0.275758201 0.4062616305 0.5951497446 0.8696164879 1.269179129 1.851372974 1.518918411 1.100420867 0.6222764318 0.1483013103 0.4436248361 0.9329943208 1.374277456 1.737502911 2.000914919 2.005282709 2.001727572
 0.01536022784 0.03805431667 0.07404855193 0.1213294067 0.1861206575 0.2776577704 0.409113586 0.5994332821 0.8760521235 1.278849974 1.865907066 1.53204479 1.11175369 0.631649014 0.1563132034 0.4422083042 0.9336694023 1.377721328 1.74380567 2.010058787 2.0128035 2.008318274
 0.01552065006 0.03841890435 0.07460005149 0.1221587957 0.187366066 0.2795274488 0.4119212187 0.6036508596 0.882389416 1.288374053 1.880222019 1.544976571 1.122922923 0.6408884485 0.1641298243 0.4408478725 0.9343308021 1.381103004 1.750008387 2.019084675 2.020163402 2.014765286
 0.01567676362 0.03877439484 0.07513930998 0.1229706543 0.1885857798 0.2813590765 0.4146722112 0.6077838973 0.8886003444 1.297709108 1.894254103 1.557655627 1.133877497 0.6499512689 0.1717246781 0.4395462177 0.934973746 1.384402423 1.756067129 2.027903854 2.027363894 2.021062266
 0.01582800902 0.03911940944 0.07566406685 0.123761485 0.1897744753 0.2831445982 0.4173544023 0.6118140493 0.894657241 1.306813417 1.907940402 1.570024601 1.144567088 0.6587949008 0.179072018 0.4383056185 0.9355936256 1.387600053 1.7619392 2.036430624 2.034404774 2.02720302
 0.01597384134 0.03945260741 0.07617211148 0.1245278603 0.190926931 0.2848761098 0.4199558565 0.6157233101 0.9005329523 1.315646034 1.921219181 1.582027237 1.154942405 0.66737787 0.1861468697 0.4371280906 0.9361863989 1.390678059 1.767586287 2.044590707 2.041279488 2.033178334
 0.01611373273 0.03977269187 0.07666129468 0.1252664413 0.192038056 0.2865459025 0.4224649323 0.6194941174 0.9062009946 1.32416703 1.934030238 1.593608703 1.164955468 0.675659997 0.1929250654 0.4360154952 0.9367489066 1.393621231 1.772976956 2.052327857 2.047971611 2.038973414
 0.01624717469 0.04007841545 0.07712953964 0.125973996 0.1931029184 0.2881465061 0.4248703473 0.6231094509 0.9116357035 1.332337712 1.946315246 1.604715905 1.174559867 0.6836025815 0.1993832974 0.4349696072 0.9372790528 1.396417532 1.77808812 2.05960763 2.05445307 2.044566366
 0.01637368045 0.04036858557 0.0775748525 0.1266474161 0.1941167726 0.2896707305 0.4271612413 0.6265529274 0.9168123772 1.340120844 1.958018077 1.61529777 1.183711016 0.6911685812 0.2054991953 0.4339921372 0.9377758252 1.3990582 1.782905242 2.066417763 2.060684394 2.049927997
 0.01649278705 0.04064206953 0.07799533224 0.1272837339 0.1950750842 0.2911117043 0.4293272352 0.6298088906 0.9217074114 1.347480848 1.969085109 1.625305533 1.192366382 0.6983227846 0.2112514267 0.4330847083 0.938239152 1.401537378 1.787421286 2.072765118 2.066616967 2.055022969
 0.01660405741 0.04089779917 0.07838918011 0.1278801374 0.1959735551 0.2924629123 0.4313584875 0.6328624955 0.9262984275 1.354383997 1.979465517 1.634692994 1.200485716 0.7050319783 0.2166198169 0.4322488 0.9386696221 1.403851359 1.791634598 2.078669731 2.072196919 2.059812152
 0.01670708226 0.04113477536 0.07875470835 0.128433985 0.1968081451 0.2937182301 0.4332457468 0.6356997879 0.9305643916 1.360798593 1.989111541 1.643416758 1.208031255 0.7112651064 0.2215854795 0.4314856705 0.9390681159 1.405997578 1.795546078 2.084156991 2.077370054 2.064255792
 0.0168014819 0.04135207197 0.07909034831 0.1289428189 0.1975750939 0.2948719561 0.4349804002 0.6383077775 0.9344857245 1.366695136 1.997978735 1.651436464 1.214967917 0.716993419 0.2261309487 0.4307962793 0.9394354089 1.407973513 1.799156139 2.089249238 2.082087024 2.068316981
 0.01688690786 0.0415488397 0.07939465796 0.1294043774 0.1982709397 0.2959188411 0.4365545183 0.6406745058 0.9380444038 1.372046473 2.006026198 1.658714992 1.221263476 0.7221906054 0.2302402987 0.4301812242 0.9397718129 1.409775696 1.80246195 2.093958176 2.086307948 2.071964875
 0.01696304434 0.04172430944 0.07966632863 0.1298166063 0.1988925375 0.2968541153 0.437960896 0.642789107 0.9412240557 1.376827939 2.013216781 1.665218639 1.226888714 0.7268329106 0.2338992442 0.4296407104 0.9400769143 1.411398986 1.805455433 2.098279358 2.090005744 2.075177133
 0.01702960961 0.04187779532 0.07990419115 0.1301776691 0.1994370745 0.2976735127 0.4391930891 0.6446418635 0.9440100376 1.381017479 2.01951727 1.670917296 1.231817564 0.7308992302 0.2370952107 0.4291745591 0.9403494531 1.412836252 1.808122348 2.102189644 2.093167672 2.077941167
 0.01708635713 0.04200869743 0.08010722125 0.1304859556 0.1999020843 0.2983732923 0.4402454466 0.6462242544 0.9463895114 1.384595757 2.024898552 1.675784583 1.236027219 0.7343711847 0.2398173729 0.4287822592 0.9405873605 1.414078491 1.810442627 2.105648063 2.09579485 2.080254031
 0.01713307661 0.04211650416 0.08027454425 0.1307400904 0.2002854592 0.2989502571 0.4411131392 0.6475289979 0.9483515069 1.387546254 2.029335756 1.679797974 1.239498234 0.7372331732 0.242056662 0.4284630582 0.9407879515 1.415115394 1.812391904 2.108599935 2.097899851 2.082120963
 0.01716959483 0.0422007942 0.08040543907 0.1309389388 0.2005854606 0.2994017695 0.441792183 0.6485500874 0.9498869753 1.389855344 2.032808374 1.682938906 1.242214604 0.7394724083 0.243805746 0.4282160808 0.9409482387 1.415936254 1.813944009 2.110983615 2.099502774 2.083552836
 0.01719577635 0.04226123816 0.08049934146 0.1310816128 0.2008007272 0.2997257648 0.4422794589 0.6492828204 0.9509888333 1.391512362 2.035300351 1.685192854 1.244163821 0.7410789362 0.2450589924 0.4280404611 0.9410653179 1.416531075 1.815074007 2.112738739 2.100626444 2.084562969
 0.01721152406 0.04229759986 0.08055584658 0.1311674749 0.2009302821 0.2999207607 0.4425727284 0.6497238221 0.9516519972 1.392509655 2.036800172 1.686549399 1.245336922 0.7420456462 0.2458124229 0.4279354705 0.9411367623 1.416891708 1.815761317 2.11381467 2.101291515 2.085163822
 0.01721677953 0.04230973725 0.08057471081 0.1311961416 0.2009735373 0.2999858654 0.4426706439 0.6498710609 0.9518734072 1.392842617 2.037300902 1.687002274 1.245728517 0.742368273 0.2460636721 0.4279006237 0.9411609607 1.41701282 1.815992379 2.114177745 2.101512263 2.085364152
