/rn,a,b/nx0/ls1
/r,qa,qb
246 -0.49 0.49 0 OUTPUT_AMPLITUDE_3D 0 0 0 0 0 Wavelength=1
10 0.1 0.19
 0.3895160511 0.4768842126 0.5438238126 0.5852410051 0.5977866792 0.580013784 0.5324509631 0.4576086246 0.3599901272 0.2464481251
 0.3888134399 0.4762974901 0.5433308786 0.5848231249 0.5974275419 0.5796982832 0.532163039 0.4573263161 0.3596722807 0.2459926223
 0.386717342 0.4745471174 0.541860296 0.5835764845 0.5963562959 0.5787576344 0.5313057412 0.4564885742 0.3587359966 0.2446671395
 0.3832599613 0.4716601785 0.5394349723 0.5815207231 0.5945902756 0.5772081638 0.5298967452 0.4551198243 0.3572266636 0.2425804677
 0.3784944656 0.4676813655 0.536092686 0.5786881949 0.5921579627 0.5750765118 0.5279644489 0.4532583328 0.3552135331 0.2398949839
 0.3724942431 0.4626723187 0.5318855003 0.5751234228 0.5890984056 0.5723988452 0.5255465413 0.4509529631 0.3527813323 0.2368023463
 0.3653518742 0.4567107169 0.5268789575 0.5708823546 0.5854604493 0.5692198577 0.5226882599 0.4482593349 0.3500205558 0.2334963552
 0.3571778311 0.449889127 0.5211510673 0.5660314442 0.5813018162 0.5655916429 0.5194405475 0.4452359389 0.3470179572 0.2301476916
 0.3480989203 0.4423136285 0.5147911051 0.5606465788 0.5766880746 0.5615725232 0.5158583133 0.4419407358 0.3438486333 0.2268842632
 0.3382564825 0.4341022295 0.5078982398 0.5548118744 0.571691532 0.5572259101 0.5119989714 0.4384286693 0.3405707565 0.2237793222
 0.3278043711 0.4253830903 0.5005800082 0.5486183624 0.5663900817 0.5526192456 0.5079213703 0.4347503642 0.3372235636 0.2208480551
 0.3169067221 0.4162925765 0.4929506572 0.5421625854 0.5608660232 0.5478230504 0.5036851507 0.4309520822 0.333828729 0.2180524132
 0.3057355341 0.4069731604 0.4851293745 0.5355451198 0.5552048669 0.5429100738 0.4993504955 0.4270768135 0.3303947964 0.2153134971
 0.2944680688 0.3975711949 0.4772384282 0.528869041 0.5494941236 0.5379545162 0.4949781618 0.4231662024 0.3269239248 0.2125303587
 0.2832840818 0.3882345839 0.4694012414 0.5222383452 0.5438220758 0.5330312762 0.4906296404 0.4192628725 0.3234198553 0.2096032289
 0.27236289 0.3791103799 0.4617404249 0.5157563446 0.5382765249 0.5282151665 0.4863672617 0.4154126487 0.3198957643 0.2064579485
 0.2618802878 0.3703423424 0.4543758011 0.5095240528 0.5329435112 0.5235800494 0.4822540773 0.4116661837 0.3163806039 0.2030673305
 0.2520053306 0.3620685011 0.4474224507 0.5036385846 0.5279060115 0.5191978564 0.4783533856 0.4080795896 0.3129227108 0.1994649634
 0.2428970339 0.3544187754 0.4409888219 0.4981915964 0.5232426276 0.5151374811 0.4747278318 0.4047138428 0.309589901 0.1957480266
 0.2347010729 0.3475127102 0.4351749438 0.4932677976 0.5190262896 0.5114635642 0.4714380891 0.4016329397 0.3064659054 0.1920679313
 0.2275466246 0.3414574004 0.4300707876 0.4889435694 0.5153230096 0.5082352143 0.4685412043 0.3989009993 0.3036436948 0.1886105002
 0.2215435523 0.3363456728 0.4257548189 0.4852857251 0.5121907242 0.5055047334 0.4660887551 0.3965786879 0.3012168269 0.1855700528
 0.2167801725 0.3322545969 0.4222927784 0.4823504435 0.5096782706 0.503316426 0.4641250004 0.3947194477 0.2992702543 0.183123164
 0.2133218383 0.3292443771 0.4197367211 0.4801824061 0.5078245347 0.501705571 0.4626852199 0.3933660313 0.29787201 0.1814073223
 0.2112105011 0.3273576572 0.4181243316 0.4788141536 0.5066578038 0.5006976289 0.461794412 0.3925477776 0.2970668733 0.1805073798
 0.2104652671 0.3266192364 0.4174785194 0.4782656744 0.5061953456 0.5003077323 0.4614664798 0.3922789455 0.296872675 0.1804497835
 0.2110837877 0.327036163 0.4178072846 0.4785442224 0.5064432199 0.5005404888 0.461703973 0.3925582691 0.2972794785 0.1812027803
 0.2130441677 0.3285981455 0.4191038326 0.4796443552 0.50739632 0.5013900909 0.4624983934 0.3933697497 0.2982515728 0.1826809877
 0.2163070026 0.3312782034 0.4213469085 0.4815481743 0.5090386242 0.5028407106 0.463831007 0.394684558 0.2997320086 0.1847542171
 0.2208171983 0.335033482 0.4245013189 0.4842257461 0.5113436335 0.5048671275 0.4656740574 0.396463802 0.3016492222 0.1872614985
 0.2265053582 0.3398061661 0.4285186099 0.4876356791 0.5142749627 0.5074355305 0.4679922341 0.3986618127 0.3039250408 0.1900306093
 0.2332886987 0.3455244541 0.4333378779 0.4917258356 0.5177870519 0.5105044221 0.4707442305 0.4012295368 0.3064830854 0.1929012525
 0.2410716023 0.3521035778 0.4388866923 0.4964341552 0.5218259659 0.5140255581 0.4738842223 0.4041175982 0.3092563747 0.1957477589
 0.2497460095 0.3594468756 0.4450821214 0.5016895757 0.5263302533 0.517944862 0.4773631192 0.4072786318 0.3121929269 0.1984962464
 0.259191868 0.3674469443 0.4518318548 0.507413036 0.5312318436 0.5222032699 0.481129482 0.4106685942 0.3152584269 0.2011321362
 0.2692778175 0.3759868935 0.4590354218 0.5135185544 0.5364569693 0.5267374831 0.4851300523 0.414246913 0.3184355251 0.2036963816
 0.279862223 0.3849417302 0.4665855037 0.5199143739 0.5419271062 0.5314806278 0.4893099094 0.4179755195 0.3217199443 0.2062716614
 0.290794599 0.3941798836 0.4743693402 0.5265041724 0.5475599365 0.5363628455 0.4936123286 0.4218169868 0.3251141154 0.2089620286
 0.3019174069 0.4035648749 0.4822702224 0.5331883329 0.553270343 0.5413118571 0.4979784724 0.4257321388 0.3286194241 0.2118703019
 0.3130681689 0.4129571182 0.4901690655 0.5398652727 0.5589714468 0.5462535544 0.5023470788 0.4296775787 0.332228286 0.2150768101
 0.3240818222 0.4222158322 0.497946047 0.5464328234 0.5645757028 0.5511126812 0.5066543223 0.4336036107 0.3359172185 0.2186216273
 0.3347932283 0.4312010301 0.5054822925 0.5527896562 0.5699960624 0.5558136529 0.5108340106 0.437452986 0.3396419262 0.2224912872
 0.3450397571 0.4397755547 0.5126615872 0.558836739 0.575147205 0.5602815538 0.5148182353 0.4411608126 0.3433352154 0.2266108477
 0.3546638721 0.4478071168 0.5193720885 0.5644788071 0.5799468312 0.5644433206 0.5185385385 0.4446558167 0.3469082965 0.2308428761
 0.3635156525 0.4551703004 0.5255080112 0.5696258266 0.5843169975 0.5682290945 0.5219275756 0.4478629642 0.3502556785 0.2349953872
 0.3714552007 0.4617484943 0.5309712557 0.5741944222 0.5881854602 0.5715736907 0.5249211765 0.4507072386 0.3532633637 0.2388399571
 0.3783548875 0.4674357154 0.5356729501 0.5781092392 0.5914869868 0.5744181067 0.5274606319 0.4531181717 0.355819463 0.2421389866
 0.3841014014 0.4721382904 0.5395348755 0.5813042074 0.5941645857 0.5767109743 0.5294949796 0.4550345625 0.3578257911 0.2446782556
 0.388597571 0.4757763663 0.5424907482 0.5837236744 0.5961706048 0.5784098506 0.5309830426 0.4564087401 0.3592086394 0.2462987674
 0.3917639366 0.4782852261 0.5444873345 0.5853233806 0.5974676526 0.5794822542 0.5318949874 0.4572097517 0.3599269005 0.2469213669
 0.3935400531 0.4796163883 0.5454853767 0.5860712522 0.5980293072 0.5799063727 0.5322132243 0.4574249918 0.3599760865 0.2465589157
 0.3938855108 0.4797384761 0.5454603166 0.5859479955 0.5978405897 0.5796714032 0.5319325577 0.4570600209 0.3593874751 0.2453134641
 0.3927806655 0.4786378455 0.5444028061 0.5849474844 0.596898198 0.578777524 0.5310595936 0.4561365984 0.3582224766 0.243359082
 0.3902270749 0.4763189676 0.5423190003 0.583076942 0.5952105127 0.5772355394 0.5296115187 0.4546892372 0.356563144 0.2409139005
 0.3862476413 0.472804564 0.539230634 0.5803569217 0.5927973995 0.5750662699 0.5276144479 0.4527608155 0.3545003704 0.2382067417
 0.3808864716 0.4681355002 0.5351748852 0.5768211021 0.5896898457 0.5722997862 0.5251015977 0.4503979229 0.3521216289 0.2354440448
 0.3742084649 0.4623704443 0.5302040341 0.572515909 0.5859294682 0.5689745892 0.5221115561 0.4476466505 0.3495000964 0.2327817848
 0.3662986499 0.4555853013 0.5243849245 0.5674999804 0.5815679306 0.5651368307 0.5186868945 0.4445494639 0.346686738 0.2303054312
 0.3572612988 0.4478724357 0.5177982369 0.5618434863 0.576666296 0.5608396429 0.5148733023 0.4411436276 0.343706496 0.2280196372
 0.3472188494 0.439339695 0.510537579 0.5556273099 0.5712943276 0.5561426081 0.5107193278 0.437461417 0.3405592086 0.2258487863
 0.336310674 0.4301092444 0.502708398 0.5489420914 0.5655297354 0.5511113563 0.5062766963 0.4335320728 0.3372252881 0.22364938
 0.3246917344 0.4203162211 0.4944267132 0.5418871278 0.5594573465 0.545817234 0.5016010652 0.4293851649 0.3336755286 0.2212345603
 0.3125311587 0.4101072074 0.4858176674 0.534569119 0.5531681693 0.5403369553 0.4967529776 0.4250547758 0.3298837115 0.2184091384
 0.3000107679 0.3996385175 0.4770138865 0.5271007468 0.5467583113 0.5347521243 0.4917987189 0.4205837265 0.3258400391 0.2150106175
 0.2873235538 0.3890742765 0.468153642 0.5195990759 0.5403277148 0.5291485172 0.486810766 0.4160269962 0.3215630231 0.2109490176
 0.2746720732 0.3785842631 0.4593788055 0.5121837704 0.533978684 0.523615036 0.4818675615 0.4114535634 0.317107461 0.206237077
 0.2622666592 0.3683414736 0.4508325937 0.5049751324 0.5278141982 0.5182422825 0.4770524392 0.4069461192 0.3125666544 0.2010033271
 0.250323265 0.358519359 0.4426571081 0.4980919812 0.5219360289 0.5131207582 0.4724516579 0.4025984524 0.3080680185 0.195483598
 0.2390606485 0.3492886955 0.4349906926 0.4916494129 0.51644271 0.5083387559 0.4681516508 0.3985107112 0.3037625233 0.189991185
 0.2286965109 0.3408140679 0.4279651529 0.4857564972 0.5114274348 0.5039800623 0.4642357329 0.3947831315 0.299809676 0.1848712958
 0.2194421618 0.3332499982 0.4217029067 0.4805139872 0.5069759751 0.5001216324 0.4607806112 0.3915090956 0.2963606439 0.1804500083
 0.211495401 0.3267368248 0.416314169 0.4760121332 0.5031647296 0.4968314164 0.4578530851 0.3887684967 0.293542372 0.1769897399
 0.2050316612 0.3213965339 0.4118942994 0.472328698 0.5000590081 0.4941665092 0.4555073063 0.3866223077 0.2914451007 0.1746603963
 0.2001940972 0.3173288443 0.4085214596 0.4695272719 0.4977116425 0.4921717642 0.4537828885 0.3851090331 0.290114759 0.1735285227
 0.1970840915 0.3146079145 0.406254732 0.4676559691 0.4961619943 0.4908789577 0.4527040409 0.3842434189 0.2895507095 0.1735598061
 0.1957542192 0.3132800485 0.4051328298 0.4667465722 0.4954353929 0.4903065332 0.4522797627 0.3840174782 0.2897085953 0.1746280904
 0.1962056267 0.3133626936 0.4051734901 0.4668141536 0.4955430074 0.4904598897 0.4525050034 0.3844036108 0.2905077134 0.1765279265
 0.1983908083 0.3148448644 0.4063735787 0.4678571746 0.4964821183 0.4913321298 0.4533625868 0.3853593716 0.2918421967 0.1789934636
 0.2022212299 0.3176889124 0.4087098714 0.4698580269 0.4982367334 0.4929051416 0.4548256144 0.3868332623 0.293595038 0.1817284095
 0.2075778705 0.3218333638 0.4121404127 0.4727839521 0.5007784712 0.4951508748 0.4568600279 0.3887708045 0.2956534763 0.1844477277
 0.2143222059 0.3271964171 0.4166063089 0.4765882593 0.5040676298 0.4980326679 0.4594270099 0.3911200907 0.2979236675 0.1869246631
 0.2223055512 0.3336796573 0.4220337937 0.4812117503 0.5080543633 0.501506503 0.4624849385 0.3938360621 0.3003422225 0.1890313972
 0.2313756477 0.3411716089 0.4283364098 0.4865842685 0.5126798963 0.5055220916 0.4659906866 0.3968829184 0.3028824698 0.1907612033
 0.2413803637 0.3495508712 0.4354171808 0.4926262978 0.5178777259 0.5100237338 0.4699001468 0.4002343381 0.3055542412 0.1922246927
 0.2521690547 0.3586887214 0.4431706848 0.4992505596 0.5235747797 0.5149509347 0.4741679731 0.4038715061 0.3083973319 0.1936209856
 0.2635923956 0.3684511964 0.451484988 0.5063635762 0.5296925228 0.5202388029 0.4787466294 0.4077792441 0.3114700524 0.1951934947
 0.2755014827 0.3787007453 0.4602434318 0.5138671942 0.5361480265 0.5258182979 0.4835849277 0.4119407584 0.3148349648 0.1971854167
 0.2877468232 0.3892975904 0.4693262996 0.5216600749 0.542855035 0.5316164273 0.4886263116 0.4163316326 0.318543752 0.1998080022
 0.3001776211 0.400100937 0.4786124039 0.5296391808 0.549725079 0.537556526 0.4938071977 0.4209137364 0.3226224315 0.2032245609
 0.312641576 0.4109701571 0.4879806404 0.5377012878 0.5566687004 0.5435587684 0.4990557325 0.4256297608 0.3270574087 0.2075403078
 0.3249852686 0.4217660379 0.4973115539 0.545744557 0.5635968479 0.54954107 0.5042913413 0.4303991581 0.3317828282 0.2127820569
 0.3370551162 0.4323521547 0.5064889478 0.553670194 0.5704224988 0.5554205205 0.5094254383 0.4351163607 0.3366705618 0.2188590306
 0.3486988253 0.4425963914 0.5154015527 0.5613842054 0.5770625379 0.5611154499 0.5143636054 0.4396521783 0.3415255148 0.2255137819
 0.3597672476 0.4523726048 0.5239447524 0.5687992457 0.583439892 0.5665481664 0.5190094175 0.4438591217 0.346089782 0.2322883909
 0.3701165367 0.4615624063 0.5320223436 0.575836523 0.5894858774 0.5716483145 0.5232698993 0.4475809761 0.3500586431 0.2385332973
 0.3796105121 0.470057016 0.5395482886 0.5824277029 0.5951426698 0.5763567038 0.5270623496 0.45066628 0.3531092244 0.243472214
 0.3881231403 0.4777591329 0.5464484011 0.5885167317 0.6003657622 0.5806293603 0.5303220197 0.4529845583 0.3549394488 0.2463160353
 0.3955410577 0.4845847573 0.5526618963 0.5940614729 0.6051262391 0.5844414714 0.5330099209 0.4544434527 0.355311758 0.2464033176
 0.4017660634 0.4904648955 0.5581427243 0.5990350457 0.6094126707 0.5877908482 0.5351199256 0.4550044704 0.3540940338 0.2433393673
 0.4067175167 0.4953470772 0.5628606065 0.6034267434 0.6132324245 0.5907005225 0.5366843372 0.4546951231 0.3512897947 0.2371071179
 0.4103345736 0.4991966172 0.5668016974 0.6072424212 0.6166122025 0.5932201303 0.5377772462 0.4536157589 0.3470512573 0.2281253013
 0.4125781979 0.5019975564 0.5699688036 0.6105042578 0.6195976434 0.5954257988 0.5385152181 0.4519403268 0.3416721221 0.2172294753
 0.413432876 0.5037532266 0.5723811082 0.6132498205 0.62225187 0.597418347 0.5390551226 0.4499114173 0.3355616728 0.205551072
 0.412907962 0.5044863891 0.5740733697 0.615530402 0.6246529226 0.5993196991 0.5395891298 0.4478308659 0.329207298 0.1942805944
 0.4110385785 0.5042389136 0.5750945895 0.617408638 0.6268900833 0.6012675055 0.5403370207 0.4460476349 0.3231373653 0.1843466847
 0.4078859933 0.5030709737 0.5755061708 0.6189554636 0.6290591722 0.6034080567 0.541535965 0.4449443161 0.3178980103 0.1761323562
 0.4035373973 0.5010597553 0.5753796247 0.6202465209 0.6312569795 0.6058876737 0.5434278559 0.4449224095 0.3140529584 0.1694219748
 0.3981050167 0.4982976919 0.5747939065 0.6213581803 0.6335750893 0.6088428858 0.5462442721 0.446384925 0.3122036294 0.1637143847
 0.3917245037 0.4948902607 0.5738324996 0.6223633904 0.6360934376 0.6123898649 0.5501892879 0.4497136671 0.3130101972 0.1588533108
 0.3845525725 0.4909533966 0.5725803862 0.6233276107 0.6388740395 0.6166137825 0.555420769 0.4552388248 0.3171812464 0.1557623509
 0.3767638758 0.4866106033 0.5711210638 0.6243051086 0.6419553756 0.6215589444 0.5620314508 0.4632008298 0.3254022463 0.1569192842
 0.368547155 0.4819898608 0.5695337754 0.625335903 0.6453479566 0.6272207028 0.5700318125 0.4737084312 0.3381994767 0.165927475
 0.3601007457 0.4772204489 0.5678911143 0.6264436181 0.6490315497 0.6335401651 0.5793372414 0.4867008214 0.355777556 0.1857736913
 0.3516275733 0.4724298153 0.5662571481 0.6276344509 0.6529544554 0.6404025817 0.589761941 0.501923211 0.377895639 0.2170272814
 0.3433298336 0.467740625 0.5646861682 0.6288973808 0.6570350617 0.6476399808 0.6010213617 0.5189232141 0.4038331499 0.2578109303
 0.3354036092 0.4632681148 0.5632221264 0.6302056441 0.6611657004 0.6550381807 0.612743766 0.5370705758 0.4324505076 0.3050062194
 0.3280337106 0.4591178599 0.5618987601 0.6315193852 0.6652186104 0.662347819 0.6244902028 0.5555974394 0.4623117878 0.3552152345
 0.3213890437 0.4553840227 0.5607403493 0.6327892901 0.6690536051 0.6692985997 0.6357810294 0.573652731 0.4918278444 0.4051690438
 0.3156187708 0.4521481115 0.55976299 0.633960917 0.6725268796 0.6756156256 0.6461264197 0.5903631338 0.5193917016 0.451870458
 0.3108494438 0.4494782234 0.5589762204 0.634979376 0.6755002917 0.6810365198 0.6550580863 0.6048939618 0.5434943416 0.4926697141
 0.3071831576 0.4474286997 0.55838481 0.6357939814 0.677850418 0.6853280119 0.6621596134 0.616504929 0.5628187747 0.5253338351
 0.304696615 0.4460400835 0.5579905042 0.6363625032 0.679476713 0.6883007744 0.6670932075 0.6245974796 0.5763136595 0.548115105
 0.3034408554 0.4453392488 0.5577935333 0.6366546833 0.680308185 0.6898214779 0.669621157 0.6287516146 0.5832478873 0.5598111848
 0.3034413312 0.4453395722 0.5577937181 0.6366547411 0.6803081179 0.6898212736 0.6696207815 0.6287509948 0.5832468556 0.5598093129
 0.3046980344 0.4460410474 0.557991055 0.6363626756 0.6794765138 0.6883001681 0.667092094 0.6245956436 0.576310611 0.5481095932
 0.3071854964 0.4474302853 0.5583857157 0.6357942659 0.677850094 0.6853270232 0.6621577994 0.6165019451 0.562813845 0.5253249856
 0.3108526609 0.4494803995 0.5589774626 0.6349797678 0.675499854 0.6810351799 0.6550556317 0.6048899385 0.5434877431 0.4926580016
 0.3156228083 0.4521508344 0.5597645423 0.6339614085 0.672526342 0.6756139757 0.6461234039 0.5903582123 0.5193837044 0.4518564846
 0.321393826 0.4553872362 0.5607421778 0.6327898705 0.6690529831 0.6692966884 0.6357775463 0.5736470763 0.4918187523 0.4051534774
 0.328039145 0.4591214961 0.5619008227 0.6315200394 0.6652179194 0.6623456997 0.6244863572 0.5555912317 0.4623019145 0.35519873
 0.3354095866 0.4632720943 0.5632243735 0.6302063525 0.6611649541 0.6550359086 0.6127396686 0.5370640028 0.4324401552 0.3049893286
 0.34333623 0.467744858 0.5646885424 0.6288981182 0.6570342708 0.6476376106 0.6010171252 0.5189164657 0.4038225976 0.2577940144
 0.3516342517 0.4724342028 0.566259585 0.6276351867 0.652953626 0.6404001645 0.5897576768 0.5019164766 0.3778851452 0.2170104655
 0.3601075591 0.4772248847 0.5678935432 0.6264443158 0.6490306819 0.6335377464 0.5793330557 0.4866942889 0.355767375 0.1857569326
 0.3685539494 0.481994233 0.5695361203 0.6253365203 0.6453470439 0.6272183198 0.570027803 0.4737022851 0.3381898834 0.1659107898
 0.3767704938 0.4866147965 0.5711232449 0.6243055978 0.641954404 0.6215566236 0.5620277024 0.4631952478 0.3253935556 0.1569030037
 0.3845588568 0.4909572947 0.5725823208 0.6233279195 0.6388729867 0.6166115377 0.5554173488 0.4552339684 0.3171738119 0.155747197
 0.3917303003 0.4948937489 0.5738341045 0.6223634625 0.6360922732 0.6123876954 0.5501862392 0.4497096676 0.3130043789 0.158840331
 0.3981101786 0.4983006593 0.5747950991 0.6213579567 0.633573775 0.6088407744 0.546241609 0.4463818657 0.3121997344 0.1637048239
 0.4035417877 0.5010620972 0.5753803253 0.6202459411 0.6312554696 0.6058855865 0.5434255586 0.4449203082 0.31405117 0.1694170208
 0.4078894883 0.5030725941 0.5755063043 0.6189544671 0.6290574145 0.6034059429 0.541533977 0.4449431114 0.3178983245 0.1761327531
 0.4110410696 0.5042397271 0.575094087 0.6174071661 0.6268880215 0.6012652994 0.5403352498 0.4460471817 0.3231395568 0.1843523664
 0.4129093581 0.5044863228 0.5740721708 0.6155283999 0.624650498 0.5993173231 0.5395874524 0.4478309414 0.3292109261 0.1942905649
 0.4134331055 0.5037522219 0.5723791622 0.613247239 0.6222490246 0.5974157161 0.5390533922 0.4499117385 0.3355661281 0.2055636296
 0.41257721 0.5019955703 0.5699660714 0.6105010555 0.6195943229 0.5954228262 0.5385132763 0.4519405765 0.3416767025 0.2172426409
 0.4103323386 0.4991936232 0.5667981529 0.6072385664 0.6166083598 0.5932167339 0.5377749361 0.4536156168 0.3470552557 0.2281372225
 0.4067140271 0.4953430662 0.5628562372 0.603422216 0.6132280227 0.5906966311 0.5366815172 0.4546942977 0.3512925816 0.2371163239
 0.4017613338 0.490459876 0.5581375325 0.5990298385 0.6094076861 0.587786407 0.5351164813 0.4550027267 0.3540951221 0.2433448744
 0.3955351244 0.4845787557 0.5526558995 0.5940555928 0.6051206633 0.5844364473 0.5330057755 0.4544406332 0.3553108437 0.2464046385
 0.3881160607 0.4777521928 0.5464416319 0.5885102004 0.6003596039 0.5806237445 0.5303171397 0.4529805951 0.3549364279 0.2463131371
 0.3796023635 0.4700491978 0.5395407946 0.582420557 0.5951359552 0.5763505133 0.5270567473 0.4506611966 0.3531041876 0.2434654529
 0.3701074148 0.461553786 0.5320141866 0.5758288132 0.5894786499 0.5716415915 0.5232636306 0.4475748809 0.3500518515 0.2385233417
 0.3597572645 0.4523632727 0.5239360074 0.5687910365 0.5834322109 0.5665409758 0.5190025764 0.4438521927 0.3460816293 0.2322761371
 0.348688108 0.4425864504 0.5153923065 0.5613755728 0.5770544763 0.5611078755 0.514356315 0.4396446434 0.3415164799 0.2255002615
 0.3370438033 0.4323417186 0.5064792972 0.5536612247 0.5704141413 0.55541266 0.5094178408 0.4351084732 0.336661156 0.218845309
 0.3249735082 0.4217552293 0.4973016042 0.5457353452 0.563588287 0.5495330297 0.5042835863 0.4303911735 0.3317735432 0.2127691296
 0.3126295228 0.4109591052 0.4879705029 0.5376919338 0.5566600339 0.5435506576 0.4990479669 0.425621914 0.3270486696 0.2075290015
 0.3001654331 0.4000897755 0.4786021943 0.5296297884 0.5497164065 0.5375484523 0.4937995563 0.4209062246 0.3226145607 0.203215454
 0.2877346592 0.3892864549 0.4693161358 0.5216507491 0.5428464555 0.5316084924 0.488618911 0.4163246034 0.3185369472 0.1998013737
 0.2754894993 0.378689772 0.4602334316 0.5138580393 0.5361396358 0.5258105946 0.4835778621 0.4119343051 0.3148292938 0.1971812326
 0.2635807451 0.3684405193 0.4514752676 0.506354694 0.5296844115 0.5202314135 0.4787399697 0.4077734081 0.3114654647 0.1951914372
 0.2521578828 0.3586784708 0.4431613569 0.4992420472 0.5235670323 0.5149439302 0.4741617686 0.4038662851 0.308393685 0.1936205245
 0.2413698085 0.3495411721 0.4354083527 0.4926182471 0.5178704194 0.5100171743 0.469894429 0.4002296988 0.3055513368 0.1922251888
 0.2313658388 0.3411625795 0.4283281824 0.4865767641 0.5126730998 0.5055160273 0.4659854736 0.3968788106 0.3028800939 0.1907620232
 0.2222966094 0.3336714073 0.4220262597 0.481204869 0.5080481378 0.5015009754 0.4624802404 0.3938324335 0.3003401834 0.189032017
 0.2143142434 0.3271890465 0.4165995517 0.4765820692 0.5040620279 0.4980277109 0.4594228328 0.3911168978 0.2979218245 0.1869247408
 0.2075709905 0.3218269615 0.4121345051 0.4727785118 0.5007735372 0.4951465161 0.4568563773 0.3887680207 0.2956517565 0.1844471367
 0.2022155258 0.3176835546 0.4087048748 0.4698533846 0.4982325027 0.4929014029 0.4548224966 0.3868308806 0.2935934392 0.1817272326
 0.1983863617 0.3148406134 0.4063695418 0.4678533677 0.4964786176 0.4913290269 0.4533600089 0.3853574018 0.2918407766 0.1789919527
 0.1962025042 0.3133595961 0.4051704483 0.4668112084 0.4955402544 0.4904574323 0.4525029715 0.3844020739 0.2905065681 0.1765264376
 0.1957524687 0.3132781343 0.4051308045 0.4667445035 0.4954333962 0.4903047243 0.4522782798 0.3840163971 0.2897078327 0.1746270052
 0.197083738 0.3146071958 0.40625373 0.4676547798 0.4961607526 0.4908777929 0.452703104 0.3842428099 0.2895504208 0.1735594518
 0.2001951405 0.3173293148 0.4085214736 0.4695269531 0.4977111454 0.492171231 0.453782486 0.3851088971 0.2901149949 0.1735291048
 0.2050340752 0.3213981694 0.4118953073 0.4723292296 0.5000592357 0.4941665872 0.4555074168 0.3866226253 0.2914458554 0.1746619551
 0.2114991349 0.3267395832 0.416316135 0.4760134836 0.5031656532 0.4968320771 0.4578536772 0.3887692268 0.2935435789 0.1769921383
 0.2194471426 0.3332538209 0.4217057817 0.4805161147 0.5069775578 0.5001228407 0.4607816451 0.391510178 0.2963621822 0.1804529542
 0.2287026469 0.3408188811 0.4279688757 0.4857593502 0.5114296322 0.5039817772 0.4642371627 0.394784494 0.2998113891 0.184874393
 0.2390678324 0.3492944116 0.4349951908 0.4916529312 0.5164454715 0.5083409324 0.4681534284 0.3985122785 0.3037642431 0.1899940035
 0.2503313763 0.3585258785 0.4426622992 0.4980960968 0.5219392984 0.513123349 0.4724537368 0.4026001566 0.3080695939 0.195485748
 0.2622755669 0.3683486866 0.4508383868 0.5049797707 0.5278179155 0.5182452396 0.4770547784 0.4069479096 0.3125679779 0.2010045255
 0.274681637 0.3785920511 0.4593851023 0.5121888512 0.5339827855 0.5236183117 0.4818701276 0.411455414 0.3171084886 0.2062371953
 0.287333626 0.3890825139 0.4681603381 0.5196045141 0.540332134 0.5291520649 0.4868135349 0.4160289096 0.3215637863 0.2109481086
 0.3000211944 0.3996470734 0.4770208731 0.5271064538 0.5467629797 0.5347558983 0.4918016751 0.4205857329 0.325840645 0.2150089179
 0.312541781 0.4101159471 0.4858248321 0.5345750033 0.5531730164 0.5403409103 0.4967561118 0.4250569279 0.3298843317 0.2184070483
 0.3247023914 0.4203250078 0.4944339418 0.5418930959 0.5594623 0.5458213236 0.5016043705 0.4293875283 0.3336763776 0.2212325993
 0.3363212038 0.4301179411 0.5027155755 0.5489480487 0.5655347209 0.5511155316 0.5062801633 0.4335347137 0.3372265937 0.2236481242
 0.3472290915 0.4393481661 0.5105445915 0.5556331612 0.571299269 0.5561468158 0.5107229388 0.4374643879 0.3405611777 0.2258487904
 0.3572710966 0.447880549 0.5178049724 0.5618491372 0.5766711152 0.560843824 0.5148770271 0.441146954 0.3437092807 0.2280213508
 0.366307853 0.4555929296 0.5243912747 0.5675053383 0.5815725485 0.5651409197 0.5186906857 0.4445531336 0.3466904065 0.2303091223
 0.3742169313 0.4623774676 0.5302098958 0.5725208838 0.5859338048 0.5689785139 0.5221153477 0.4476506062 0.3495046137 0.2327874838
 0.3808940702 0.4681418071 0.5351801619 0.576825608 0.5896938215 0.5723034684 0.525105305 0.4504020607 0.3521268495 0.2354515206
 0.3862542537 0.4728100537 0.5392352374 0.5803608783 0.5928009372 0.5750696276 0.5276179704 0.4527649898 0.3545060467 0.2382155167
 0.3902325978 0.4763235514 0.5423228516 0.583080276 0.5952135386 0.5772384893 0.5296147448 0.4546932698 0.3565689472 0.240923302
 0.3927850122 0.4786414481 0.5444058374 0.5849501311 0.5969006446 0.5787799852 0.5310624077 0.4561402934 0.3582280296 0.2433683231
 0.3938886124 0.479741037 0.5454624723 0.5859499 0.5978423975 0.5796733009 0.5319348478 0.4570631818 0.3593923918 0.2453217393
 0.3935418603 0.4796178631 0.5454866144 0.5860723714 0.5980304272 0.5799076425 0.5322148904 0.4574274394 0.3599800129 0.2465654962
 0.39176442 0.4782855868 0.544487626 0.5853236837 0.5974680478 0.5794828455 0.5318959491 0.4572113409 0.3599295521 0.246925683
 0.3885967219 0.4757756021 0.5424900799 0.5837231441 0.5961702521 0.5784097298 0.5309832454 0.4564093733 0.3592098301 0.2463004681
 0.384099232 0.4721364079 0.539533249 0.5813028404 0.5941634767 0.5767101263 0.5294943985 0.455034198 0.3578254512 0.2446772407
 0.3783514307 0.4674327385 0.5356703821 0.5781070464 0.5914851282 0.5744165362 0.5274592736 0.453116827 0.3558176439 0.24213541
 0.3714505098 0.4617444636 0.5309677776 0.574191428 0.5881828734 0.5715714215 0.5249190778 0.4507049869 0.3532602297 0.2388342033
 0.3635098001 0.455165273 0.5255036683 0.5696220689 0.5843137178 0.5682261678 0.5219248001 0.4478599263 0.3502514865 0.2349880247
 0.3546569492 0.4478011647 0.5193669394 0.5644743359 0.5799429064 0.5644397922 0.5185351705 0.4446521484 0.346903367 0.2308345922
 0.3450318715 0.4397687638 0.5126557024 0.5588316148 0.575142693 0.5602774908 0.5148143734 0.4411566891 0.3433298979 0.2266023734
 0.3347845028 0.4311934988 0.505475753 0.5527839488 0.5699910295 0.5558091299 0.5108297595 0.4374485859 0.3396365635 0.2224833191
 0.3240723924 0.4222076693 0.4979389427 0.5464266099 0.5645702209 0.5511077762 0.5066497856 0.4335991 0.3359121131 0.2186147554
 0.3130581809 0.4129484412 0.4901614932 0.5398586359 0.5589655914 0.5462483452 0.5023423521 0.4296730985 0.3322236743 0.215071461
 0.3019070143 0.4035558074 0.4822622844 0.5331813592 0.5532641909 0.5413064181 0.4979736386 0.4257277953 0.3286154581 0.2118667033
 0.2907839604 0.3941705538 0.474361142 0.5264969501 0.547553564 0.5363572458 0.4936074542 0.4218128473 0.3251108565 0.2089601991
 0.2798514985 0.3849322682 0.4665771525 0.519906992 0.5419205872 0.531474929 0.4893050434 0.4179716117 0.321717367 0.2062714265
 0.2692671658 0.3759774293 0.4590270243 0.5135111004 0.5364503748 0.5267317392 0.4851252267 0.4142432292 0.3184335308 0.2036974126
 0.2591814434 0.3674376051 0.451823516 0.5074055952 0.5312252404 0.5221975273 0.4811247138 0.4106650981 0.3152568639 0.2011340057
 0.2497359589 0.3594377845 0.4450739426 0.5016822299 0.5263237035 0.5179391598 0.4773584138 0.407275268 0.3121916144 0.1984984901
 0.2410620628 0.3520948513 0.4388787699 0.4964269817 0.5218195273 0.5140199297 0.473879577 0.4041143015 0.3092551263 0.195749935
 0.2332797956 0.3455162009 0.4333303021 0.4917189064 0.5177807772 0.5104988961 0.4707396385 0.4012262414 0.30648173 0.1929029894
 0.2264972033 0.3397984851 0.4285114635 0.4876290607 0.5142689002 0.5074301323 0.4679876877 0.3986584594 0.3039234371 0.1900316364
 0.2208098891 0.3350264615 0.4244946761 0.4842194983 0.511337827 0.5048618803 0.4656695508 0.3964603435 0.3016472671 0.1872616563
 0.2163006219 0.3312719197 0.4213408346 0.4815423505 0.5090331131 0.5028356363 0.4638265384 0.3946809613 0.2997296379 0.1847534487
 0.2130387833 0.3285926623 0.4190983828 0.4796390013 0.5073911397 0.501385211 0.4624939661 0.3933659967 0.2982487568 0.1826793143
 0.2110794521 0.3270315305 0.4178025037 0.4785393771 0.5064384017 0.5005358248 0.4616995958 0.3925543558 0.2972762142 0.1812002687
 0.2104620177 0.3266154911 0.4174744414 0.4782613687 0.5061909166 0.500303306 0.4614621672 0.3922748799 0.2968689768 0.1804465116
 0.2112083594 0.3273548212 0.4181209795 0.478810411 0.5066537873 0.5006934622 0.4617901841 0.3925435784 0.2970627657 0.1805034095
 0.2133208097 0.329242458 0.4197341064 0.480179242 0.5078209496 0.5017016863 0.462681102 0.3933617266 0.2978675233 0.1814026857
 0.2167802452 0.3322535878 0.4222909015 0.4823478656 0.5096751318 0.5033128457 0.4641210232 0.3947150752 0.2992654248 0.1831178649
 0.2215446972 0.3363455525 0.4257536689 0.4852837329 0.5121880421 0.5055014799 0.4660849544 0.3965742955 0.3012117017 0.1855640832
 0.2275487947 0.3414581336 0.4300703428 0.4889421548 0.5153207901 0.5082323093 0.4685376206 0.3988966466 0.3036383386 0.1886038665
 0.234704204 0.3475142481 0.435175172 0.4932669445 0.5190245339 0.5114610287 0.4714347673 0.4016286991 0.3064604092 0.1920606857
 0.2429010455 0.3544210566 0.4409896809 0.4981912812 0.5232413314 0.5151353338 0.4747248203 0.4047098 0.3095843888 0.1957402955
 0.2520101269 0.3620714528 0.447423889 0.5036387762 0.5279051651 0.5191961129 0.4783507342 0.4080758421 0.3129173428 0.1994569667
 0.2618857599 0.3703458814 0.4543777585 0.5095247126 0.5329430986 0.5235787209 0.4822518349 0.4116628373 0.316375574 0.2030593884
 0.2723689182 0.3791144145 0.4617428339 0.5157574274 0.5382765237 0.528214258 0.4863654727 0.4154098115 0.319891291 0.2064504712
 0.2832905378 0.3882390151 0.4694040278 0.5222397991 0.5438224564 0.5330307848 0.4906283405 0.4192606465 0.3234161658 0.2095966886
 0.2944748185 0.3975759184 0.4772415126 0.5288708082 0.5494948492 0.5379544292 0.4949773738 0.4231646736 0.3269212335 0.2125252451
 0.3057424398 0.4069780685 0.4851326733 0.5355471373 0.5552058933 0.5429103673 0.4993502248 0.4270760416 0.3303932803 0.2153102595
 0.3169136456 0.41629756 0.4929540844 0.542164786 0.560867299 0.5478236885 0.5036853819 0.4309520906 0.3338285029 0.2180513982
 0.3278111759 0.4253880403 0.5005834764 0.5486206756 0.566391549 0.5526201799 0.5079220644 0.4347511321 0.3372246585 0.2208494474
 0.3382630363 0.4341070395 0.5079016625 0.5548142278 0.5716931275 0.5572270801 0.5120000656 0.4384301278 0.3405731053 0.2237831008
 0.3481050972 0.4423181962 0.5147943976 0.5606488999 0.5766897309 0.5615738582 0.5158597218 0.4419427678 0.3438520657 0.226890181
 0.3571835141 0.4498933562 0.521154149 0.5660336619 0.5813034639 0.5655930644 0.5194421654 0.445238384 0.3470222069 0.2301552838
 0.3653569562 0.4567145193 0.5268817533 0.5708844008 0.5854620194 0.5692212828 0.5226899687 0.4482619993 0.3500252783 0.2335049769
 0.3724986296 0.4626756152 0.5318879421 0.5751252348 0.5890998321 0.5724001905 0.5255482161 0.4509556334 0.3527861329 0.2368112341
 0.3784980753 0.467684088 0.5360947146 0.5786897169 0.5921591851 0.5750776984 0.527965967 0.4532607929 0.3552180016 0.2399033328
 0.3832627279 0.4716622709 0.5394365385 0.5815219079 0.5945912416 0.5772091218 0.5298979947 0.4551218728 0.3572304122 0.2425875126
 0.3867192149 0.4745485366 0.5418613618 0.5835772956 0.5963569642 0.5787583067 0.5313066296 0.4564900422 0.3587386964 0.2446722314
 0.388814385 0.4762982071 0.5433314181 0.5848235368 0.5974278834 0.5796986297 0.5321635004 0.457327082 0.3596736933 0.2459952914
 0.3895160511 0.4768842126 0.5438238126 0.5852410051 0.5977866792 0.580013784 0.5324509631 0.4576086246 0.3599901272 0.2464481251
