/rn,a,b/nx0/ls1
/r,qa,qb
246 -0.49 0.49 0 OUTPUT_AMPLITUDE_3D 0 0 0 0 0 Wavelength=1
10 0.1 0.19
 2.205230798 1.801200283 1.32618877 0.8041480057 0.2823890926 0.3511201263 0.8490360497 1.30620084 1.685050323 1.964874005
 2.201985265 1.798550899 1.324034226 0.802402819 0.2810454302 0.3518576201 0.8496968024 1.306639236 1.685238229 1.964748787
 2.192303265 1.790647393 1.317606883 0.7971963142 0.2770382302 0.3540667861 0.8516696491 1.307950288 1.685807974 1.964400515
 2.17633534 1.777612896 1.307006627 0.7886079421 0.2704319642 0.3577392732 0.8549290697 1.310122446 1.68677439 1.963899248
 2.154329973 1.759650642 1.292398356 0.7767689351 0.2613336393 0.3628580022 0.8594323224 1.313135182 1.688157819 1.963349115
 2.126630012 1.73704105 1.274009658 0.761860561 0.2498922198 0.3693930202 0.8651192247 1.316957363 1.689978369 1.962871724
 2.09366773 1.71013768 1.252127594 0.7441117022 0.2362979903 0.377296735 0.8719119846 1.321545397 1.69224922 1.962586863
 2.055958558 1.679362108 1.227094609 0.7237957849 0.2207821079 0.3864993274 0.8797152105 1.326841536 1.694970036 1.962593475
 2.01409357 1.645197765 1.199303624 0.7012270909 0.2036168004 0.396905084 0.8884162348 1.332772681 1.698121537 1.962953764
 1.968730773 1.608182809 1.169192337 0.6767564905 0.1851170596 0.4083902158 0.8978858869 1.339250015 1.701662109 1.963682708
 1.920585303 1.568902081 1.137236791 0.6507666408 0.1656454231 0.420802477 0.9079798229 1.346169699 1.705527045 1.964744464
 1.870418594 1.527978224 1.103944248 0.6236666913 0.1456229099 0.4339626355 0.9185404776 1.35341472 1.709630664 1.966056188
 1.819026624 1.486062027 1.069845424 0.5958865312 0.1255521097 0.4476676168 0.9293996391 1.36085785 1.713871128 1.967498818
 1.767227321 1.443822075 1.035486122 0.5678705944 0.1060639966 0.4616949865 0.9403815798 1.368365518 1.71813741 1.968933378
 1.715847245 1.401933804 1.001418323 0.5400712087 0.08800809423 0.4758083584 0.951306604 1.375802252 1.72231754 1.970220518
 1.66570768 1.361068055 0.9681907934 0.5129414379 0.07260069692 0.489763301 0.9619948219 1.383035276 1.726307009 1.971240422
 1.617610315 1.321879291 0.9363393044 0.4869273273 0.06153634236 0.5033133589 0.9722699266 1.389938795 1.730016188 1.971909994
 1.572322759 1.284993695 0.9063766074 0.4624594491 0.0565671408 0.5162158741 0.9819627543 1.396397543 1.733375702 1.972194554
 1.530564239 1.250997416 0.8787824026 0.4399436892 0.05806333793 0.5282373755 0.9909144382 1.402309276 1.736339027 1.972112105
 1.492991936 1.220425373 0.8539936361 0.4197513628 0.06424625553 0.5391583908 0.9989790303 1.407586035 1.738881995 1.971729425
 1.460188516 1.193751085 0.832395587 0.4022090451 0.07261447206 0.5487776106 1.006025537 1.412154208 1.740999375 1.971150628
 1.432651493 1.171378041 0.8143142943 0.3875889257 0.08126128804 0.5569153991 1.011939397 1.415953581 1.742699174 1.970500057
 1.410785044 1.153633135 0.8000108949 0.3761009463 0.0890020338 0.5634166949 1.0166235 1.418935727 1.743995633 1.969902263
 1.394894753 1.140762557 0.789678337 0.367888208 0.09512286632 0.5681533749 1.019998885 1.421062165 1.744902098 1.969462174
 1.385185505 1.132930291 0.7834406933 0.3630268773 0.09918390106 0.5710261677 1.022005286 1.422302738 1.745424939 1.969248442
 1.381762409 1.130219099 0.7813549415 0.3615309315 0.1009109397 0.5719661991 1.022601665 1.422634613 1.745559515 1.969282368
 1.384634228 1.132633543 0.7834147006 0.36336079 0.1001398084 0.5709362312 1.021766846 1.422042171 1.745288857 1.969534018
 1.39371854 1.140104368 0.7895551296 0.3684337253 0.09678733065 0.5679316321 1.019500282 1.420517891 1.744585352 1.969926107
 1.40884772 1.15249349 0.7996580957 0.3766335067 0.0908354401 0.5629810744 1.015822918 1.418064159 1.743415218 1.970345235
 1.429774938 1.169598923 0.8135568532 0.3878172383 0.08232182813 0.5561469321 1.010778043 1.414695733 1.741745146 1.970658975
 1.45617964 1.191159204 0.831039775 0.4018185186 0.07133389241 0.5475253138 1.004431964 1.410442453 1.739550102 1.970736436
 1.487672302 1.216857173 0.851853057 0.4184473097 0.05800450742 0.5372456544 0.996874291 1.405351707 1.736821063 1.970469224
 1.523798613 1.246323243 0.8757026432 0.4374877601 0.04250966788 0.5254697782 0.9882176365 1.399490155 1.733571414 1.969789525
 1.564043456 1.279138493 0.9022558265 0.4586954948 0.02507434969 0.5123903544 0.9785965611 1.392944279 1.729840887 1.968682304
 1.607835156 1.314837983 0.9311430359 0.481795658 0.006173522976 0.4982286739 0.968165663 1.385819493 1.725696295 1.967189514
 1.654550449 1.352914674 0.9619602541 0.5064825186 0.01502024526 0.4832316977 0.9570967987 1.378237736 1.721228795 1.9654055
 1.703520507 1.39282424 0.9942723652 0.5324209489 0.03673947805 0.4676683346 0.9455755207 1.370333702 1.716547986 1.963464271
 1.754038179 1.433990904 1.027617567 0.5592497016 0.05937703831 0.4518249155 0.9337969024 1.362250055 1.711773622 1.961520641
 1.805366489 1.475814328 1.061512833 0.5865861805 0.08255400179 0.435999821 0.9219609924 1.354132121 1.707026107 1.959728237
 1.856748245 1.517677443 1.095460294 0.6140323109 0.1059301097 0.420497212 0.9102681695 1.346122627 1.702417117 1.958217709
 1.907416583 1.558955052 1.128954347 0.6411811127 0.1291685626 0.4056198112 0.8989146698 1.338357024 1.698041625 1.957078378
 1.956606149 1.599022987 1.161489259 0.6676236304 0.1519370105 0.391660722 0.8880885141 1.330959837 1.693972398 1.956345911
 2.003564654 1.637267561 1.192567026 0.6929559395 0.1739117812 0.3788943841 0.877966 1.32404232 1.69025765 1.955997783
 2.047564504 1.673095104 1.221705279 0.7167860125 0.1947825455 0.367566981 0.8687088384 1.31770149 1.686922071 1.955957195
 2.087914242 1.705941334 1.248445037 0.7387402857 0.2142568758 0.3578869312 0.8604619354 1.312020422 1.683970986 1.956105069
 2.123969547 1.73528038 1.272358123 0.7584698071 0.2320645349 0.3500164449 0.8533517559 1.307069506 1.681396923 1.956298602
 2.155143593 1.760633267 1.29305413 0.7756558831 0.2479614339 0.3440653866 0.8474851613 1.302908238 1.679187526 1.956393852
 2.18091657 1.781575723 1.310186786 0.7900151625 0.2617332393 0.3400886621 0.8429486063 1.299587085 1.677333528 1.956269054
 2.200844211 1.797745176 1.32345965 0.801304111 0.2731986274 0.3380879339 0.8398075904 1.297148945 1.675835455 1.955845005
 2.214565216 1.808846835 1.332631046 0.8093228443 0.2822121928 0.3380176965 0.8381062951 1.295629861 1.674707918 1.955099133
 2.221807455 1.814658785 1.337518189 0.8139182928 0.2886670184 0.339794821 0.8378673726 1.295058772 1.673980717 1.954070768
 2.222392888 1.815036029 1.338000445 0.8149866737 0.2924969137 0.3433099463 0.8390918894 1.295456264 1.673696508 1.952856559
 2.216241149 1.809913442 1.334021714 0.8124752573 0.2936783218 0.3484387961 0.8417594437 1.296832503 1.673905321 1.95159666
 2.203371781 1.799307612 1.32559192 0.8063834119 0.2922318997 0.3550517095 0.8458284822 1.299184618 1.674656752 1.95045384
 2.183905112 1.783317583 1.312787595 0.7967629268 0.2882237824 0.3630202469 0.8512368385 1.302493973 1.675990996 1.949588783
 2.158061806 1.762124511 1.295751602 0.7837176189 0.2817665637 0.3722204472 0.8579025034 1.306723738 1.677930064 1.949135324
 2.126161138 1.735990269 1.274692009 0.7674022484 0.2730200671 0.3825329661 0.8657246392 1.311817196 1.680470507 1.949179227
 2.088618059 1.705255074 1.24988018 0.748020787 0.2621920347 0.3938407815 0.8745848501 1.317697097 1.683578731 1.949743511
 2.045939141 1.670334183 1.221648146 0.725824111 0.2495389465 0.4060254039 0.8843487362 1.324266309 1.687189675 1.9507824
 1.998717494 1.63171375 1.190385327 0.7011072178 0.2353672697 0.4189625668 0.8948677636 1.331409838 1.691209208 1.952184943
 1.947626745 1.589945911 1.156534704 0.6742061015 0.2200355135 0.4325182688 0.9059814776 1.338998167 1.695520106 1.953788171
 1.893414165 1.545643154 1.120588496 0.6454944529 0.203957436 0.4465458214 0.9175200631 1.346891677 1.699991013 1.955398416
 1.836892954 1.499471993 1.08308341 0.6153803767 0.187606415 0.4608843001 0.9293072113 1.354945801 1.704487334 1.956818176
 1.778933669 1.452145919 1.044595456 0.5843033346 0.1715198864 0.4753585269 0.941163196 1.363016407 1.708882658 1.957874781
 1.720454648 1.404417498 1.00573425 0.5527315048 0.1562999968 0.4897804889 0.9529080129 1.370964863 1.713069129 1.958446507
 1.662411141 1.357069379 0.9671366061 0.5211596754 0.1426010927 0.503951932 0.9643643987 1.378662241 1.716965259 1.958481777
 1.605782741 1.31090386 0.9294590538 0.4901076201 0.1310867369 0.5176677837 0.9753605444 1.385992209 1.720519981 1.958008043
 1.551558502 1.26673052 0.8933687439 0.4601185628 0.1223356751 0.5307200409 0.9857323523 1.392852341 1.723712309 1.957128533
 1.500719111 1.225351375 0.8595320542 0.4317567601 0.1166960345 0.5429018045 0.9953251501 1.399153788 1.726546607 1.95600713
 1.454215506 1.18754311 0.8286001595 0.4056023714 0.1141416618 0.5540112212 1.003994866 1.404819521 1.729044203 1.954843642
 1.412943736 1.154036219 0.8011910381 0.3822407496 0.1142287168 0.5638551914 1.011608766 1.409781552 1.731232624 1.953843234
 1.377716527 1.125491515 0.7778679671 0.3622425654 0.1162015175 0.5722527935 1.018045933 1.413977746 1.733134085 1.953184575
 1.349233129 1.102475361 0.7591155856 0.3461318194 0.1191820482 0.5790384497 1.02319774 1.417348901 1.734755043 1.952991222
 1.328050226 1.085435975 0.745315942 0.3343421919 0.1223348343 0.5840649051 1.026968558 1.419836763 1.736078463 1.953310177
 1.314557691 1.074683946 0.7367281406 0.3271687702 0.1249561913 0.5872061015 1.029276946 1.421383554 1.737060153 1.954100625
 1.308963161 1.070380206 0.7334756214 0.3247293658 0.1265003646 0.5883600112 1.030057447 1.421933379 1.737630036 1.955234765
 1.311288446 1.072533827 0.7355441841 0.3269515016 0.1265740006 0.5874514521 1.029263038 1.421435579 1.737698583 1.956511402
 1.321378709 1.08101029 0.7427916318 0.333593182 0.124922187 0.5844348472 1.02686811 1.419849806 1.737167895 1.957681479
 1.338922762 1.095548718 0.7549671163 0.3442910683 0.1214180187 0.579296831 1.022871728 1.417152248 1.735946179 1.958482983
 1.363480679 1.115784857 0.7717360745 0.3586186603 0.1160615648 0.5720585575 1.017300797 1.413342171 1.733963661 1.958680854
 1.39451395 1.141275869 0.79270591 0.3761365867 0.1089932217 0.562777539 1.010212692 1.408447768 1.731187562 1.958106036
 1.431413769 1.171523352 0.8174483703 0.396424981 0.1005295801 0.5515488484 1.001696908 1.402530311 1.727633641 1.95668722
 1.473524434 1.205992216 0.8455162937 0.4190970813 0.09123625826 0.5385055579 0.9918753655 1.395685753 1.723372161 1.95446944
 1.520160604 1.244124427 0.8764542278 0.443798775 0.08205567712 0.5238183535 0.9809011246 1.38804324 1.718526914 1.951615654
 1.570618629 1.285347916 0.9098037774 0.4702002536 0.07447359712 0.5076943529 0.9689554913 1.379760456 1.713266951 1.948390244
 1.624183185 1.329081662 0.9451052314 0.4979849326 0.07053097803 0.4903752439 0.9562436702 1.371016183 1.707791856 1.945126525
 1.680130826 1.374738323 0.981897135 0.526839021 0.07219553438 0.472134927 0.9429893454 1.362000903 1.702312393 1.942182884
 1.737732072 1.421725721 1.019715235 0.5564435147 0.08013770898 0.4532768719 0.929428706 1.35290661 1.697029079 1.939893653
 1.796253317 1.469448244 1.058091831 0.586469245 0.09339913247 0.4341313379 0.9158045115 1.343917154 1.692111557 1.938521071
 1.854959505 1.517308912 1.096556171 0.6165749202 0.1103693724 0.4150524551 0.9023607689 1.335200425 1.687681579 1.938214011
 1.913118095 1.564712538 1.134636177 0.6464077449 0.1296145239 0.3964148809 0.8893384812 1.326903491 1.683802058 1.938978237
 1.970004555 1.611070155 1.171861545 0.6756060668 0.1500587975 0.3786093558 0.8769727334 1.319151438 1.6804741 1.940662172
 2.024909345 1.655804682 1.207768113 0.7038035058 0.1709022938 0.3620360464 0.8654911424 1.312050219 1.677643153 1.942961626
 2.07714624 1.69835768 1.241903269 0.7306340926 0.1915208847 0.3470942551 0.855113455 1.305693293 1.675214532 1.945446046
 2.126061693 1.738196977 1.27383218 0.7557380438 0.2113998236 0.3341672058 0.8460518829 1.300171281 1.673077429 1.947607048
 2.171044929 1.774824874 1.303144567 0.7787679089 0.2300958053 0.3236015747 0.8385116745 1.295583441 1.671135245 1.948926781
 2.211538422 1.807786684 1.329461811 0.7993949121 0.2472166496 0.3156834697 0.8326914688 1.292049436 1.669338884 1.948959552
 2.24704842 1.836679295 1.352444161 0.8173153858 0.2624113661 0.3106153211 0.8287831713 1.289719801 1.66771881 1.94741615
 2.277155164 1.861159514 1.371797849 0.8322572327 0.2753665741 0.3085003627 0.8269713854 1.288783778 1.666411474 1.944237931
 2.301522499 1.880951907 1.387281929 0.8439863733 0.2858071819 0.3093412541 0.8274327356 1.28947367 1.665676579 1.939648248
 2.319906541 1.895855904 1.398714657 0.8523131224 0.2935002464 0.3130559414 0.8303355836 1.292065532 1.665903226 1.934172671
 2.332163102 1.905751905 1.405979225 0.8570984128 0.2982614416 0.3195081802 0.8358405333 1.296876595 1.667605223 1.928626259
 2.338253571 1.910606155 1.409028653 0.8582597312 0.299963801 0.328545057 0.8441016617 1.304260082 1.671407742 1.924074076
 2.338248961 1.910474154 1.407889646 0.8557765816 0.2985485039 0.3400317605 0.8552676619 1.314597761 1.678028467 1.92177768
 2.332331847 1.905502369 1.40266519 0.8496952278 0.2940375365 0.3538751488 0.8694812391 1.328289722 1.688255573 1.923142311
 2.320795944 1.89592806 1.393535669 0.8401324204 0.2865481295 0.3700310366 0.8868744979 1.345739702 1.70292235 1.929674661
 2.304043128 1.882077023 1.38075831 0.827277771 0.2763089672 0.3884940036 0.9075580617 1.367333381 1.722874794 1.942949652
 2.282577722 1.864359137 1.364664738 0.811394422 0.2636782152 0.4092720222 0.9316025045 1.393407064 1.748925778 1.964570223
 2.256997987 1.843261625 1.345656521 0.7928176654 0.2491632078 0.4323509508 0.9590123317 1.424205599 1.781789414 1.996093913
 2.227984823 1.819340037 1.324198585 0.7719512014 0.2334405269 0.4576556554 0.9896948816 1.459831202 1.821993359 2.038901879
 2.196287818 1.79320705 1.300810515 0.7492607939 0.2173718078 0.4850149016 1.0234285 1.500188431 1.869774589 2.094003868
 2.162708902 1.765519284 1.276055807 0.7252651831 0.202002467 0.5141360505 1.059835526 1.54493362 1.924973106 2.161802178
 2.128084046 1.736962469 1.250529302 0.70052426 0.1885157696 0.5445933384 1.098365536 1.59343841 1.986944188 2.241865536
 2.093263561 1.708235408 1.224843133 0.6756246891 0.1780997135 0.5758308431 1.138292981 1.644775869 2.054509942 2.332774262
 2.059091721 1.680033293 1.199611677 0.6511634098 0.1716987806 0.6071789122 1.178731106 1.697734353 2.125964566 2.432083767
 2.026386502 1.653031044 1.175436092 0.6277297206 0.1697085295 0.6378813299 1.218661688 1.750859799 2.199137181 2.536421543
 1.995920319 1.627867327 1.152889139 0.6058869631 0.1717888003 0.6671298757 1.256978049 1.802522898 2.271505538 2.641699602
 1.968402531 1.60512994 1.13250098 0.5861550878 0.176949564 0.6941029577 1.292537498 1.851004544 2.340346492 2.743403696
 1.944464401 1.585343092 1.114746592 0.5689955176 0.1838552192 0.7180053673 1.324218755 1.894591485 2.402906095 2.836916102
 1.92464691 1.568956952 1.100035277 0.5547995931 0.1911477426 0.7381066729 1.350979958 1.931674011 2.456572719 2.917835284
 1.909391547 1.556339604 1.088702505 0.5438813832 0.197655991 0.7537762198 1.37191322 1.960838301 2.499039278 2.982266341
 1.899033879 1.547771284 1.081004073 0.5364748038 0.2024869057 0.7645130879 1.386292345 1.980947294 2.528443817 3.027065694
 1.893799466 1.543440597 1.077112286 0.5327340087 0.2050485239 0.7699697082 1.393610983 1.991205331 2.543480801 3.050030376
 1.893801567 1.543442325 1.077113767 0.5327352912 0.2050475852 0.7699681574 1.393609173 1.9912031 2.543477924 3.050026527
 1.899040141 1.547776434 1.081008488 0.5364786319 0.2024841739 0.7645084707 1.386286957 1.980940656 2.528435258 3.027054246
 1.909401849 1.556348077 1.08870977 0.5438876981 0.1976517237 0.7537686412 1.371904377 1.960827417 2.499025252 2.982247591
 1.92466105 1.568968578 1.100045249 0.5548082935 0.1911423838 0.7380963051 1.350967864 1.931659141 2.456553576 2.917809709
 1.944482095 1.585357636 1.114759075 0.5690064561 0.1838494123 0.7179924453 1.324203684 1.894572982 2.402882305 2.836884337
 1.968423419 1.605147106 1.132515722 0.5861680682 0.1769441444 0.6940877736 1.29251979 1.850982842 2.340318634 2.743366512
 1.995943966 1.627886754 1.152905836 0.6059017398 0.1717847312 0.667112771 1.256958099 1.802498502 2.27147428 2.641657881
 2.026412405 1.653052315 1.175454392 0.6277460005 0.1697067429 0.6378626871 1.218639934 1.750833266 2.199103265 2.536376262
 2.059119314 1.680055944 1.199631186 0.6511808575 0.1716999441 0.6071591444 1.178708019 1.697706283 2.125928793 2.432035996
 2.093292227 1.708258929 1.224863421 0.6756429336 0.1781040414 0.5758103821 1.13826905 1.644746884 2.054473159 2.332725164
 2.128113126 1.736986321 1.250549912 0.7005429035 0.1885230061 0.5445726219 1.098341255 1.593409141 1.986907268 2.24181637
 2.162737711 1.765542904 1.276076266 0.7252838115 0.2020120303 0.5141155075 1.059811377 1.544904687 1.924936927 2.161754287
 2.196315658 1.793229864 1.30083034 0.749278986 0.2173829749 0.4849949377 1.023404942 1.500160421 1.869740004 2.093958645
 2.228010997 1.819361475 1.324217297 0.7719685401 0.2334525661 0.457636638 0.9896723337 1.459804649 1.821961158 2.03886069
 2.257021811 1.843281128 1.345673654 0.7928337464 0.2491754457 0.4323331972 0.9589911603 1.424180957 1.781760272 1.996057989
 2.282598546 1.864376173 1.364679848 0.8114088636 0.2636900603 0.4092557905 0.9315830116 1.39338469 1.748900209 1.964540527
 2.304060345 1.882091096 1.380770985 0.8272902215 0.2763199125 0.3884794895 0.9075404769 1.367313515 1.722853103 1.942926747
 2.320809003 1.895938722 1.393545538 0.8401425654 0.2865577482 0.3700183762 0.8868589729 1.345722452 1.702904598 1.929658606
 2.332340264 1.905509226 1.402671929 0.8497027961 0.2940454758 0.3538644257 0.8694678482 1.328275066 1.688241568 1.923132613
 2.338252332 1.910476876 1.407892987 0.8557813501 0.29855448 0.3400230175 0.8552564054 1.314585551 1.678017774 1.921773319
 2.338251575 1.910604483 1.409028384 0.8582615284 0.2999675939 0.3285383076 0.8440924749 1.304250064 1.671399728 1.924073602
 2.332155513 1.905745656 1.405975199 0.8570971212 0.2982628919 0.3195034188 0.8358332991 1.29686844 1.66759912 1.928627954
 2.319893228 1.895844973 1.398706793 0.8523086803 0.2934992524 0.3130531495 0.8303301476 1.292058866 1.665898213 1.934174741
 2.301503431 1.880936272 1.387270211 0.843978775 0.2858036968 0.3093404021 0.8274289232 1.289468116 1.665671866 1.939649025
 2.27713041 1.861139233 1.37178233 0.8322465282 0.2753606046 0.3085014084 0.8269690183 1.28877899 1.666406383 1.944236048
 2.247018146 1.836654507 1.35242496 0.8173016788 0.2624029712 0.3106182062 0.8287820816 1.289715494 1.667712833 1.947410667
 2.211502892 1.807757606 1.329439108 0.7993783583 0.247205941 0.3156881165 0.8326915099 1.292045408 1.669331723 1.948950029
 2.171004496 1.774791797 1.303118603 0.7787487127 0.2300829489 0.3236078857 0.8385127271 1.295579579 1.671126823 1.948913284
 2.126016796 1.738160259 1.273803252 0.7557164544 0.2113850456 0.3341750641 0.8460538561 1.30016756 1.673067879 1.947590101
 2.077097392 1.698317744 1.241871724 0.7306103994 0.1915044808 0.3471035266 0.855116282 1.305689767 1.675204157 1.945426536
 2.024857126 1.655762002 1.207734339 0.7037780333 0.1708846494 0.3620465818 0.8654947732 1.312046994 1.677632377 1.942940678
 1.969949601 1.611025252 1.171825969 0.6755791677 0.1500404226 0.3786209913 0.8769771251 1.319148649 1.680463407 1.940641003
 1.913061088 1.564665968 1.13459925 0.646379794 0.1295961178 0.3964274386 0.8893435871 1.326901278 1.683791926 1.938958012
 1.854901155 1.517261256 1.096518368 0.616546306 0.1103519332 0.4150657425 0.9023665282 1.335198902 1.687672424 1.93819572
 1.796194356 1.469400098 1.058053633 0.5864403622 0.09338411227 0.4341451475 0.9158108414 1.343916394 1.692103689 1.938505427
 1.737673239 1.421677688 1.01967713 0.5564147553 0.08012708718 0.4532909818 0.9294354966 1.352906628 1.697022672 1.939881036
 1.680072854 1.374691001 0.981859603 0.5268107659 0.07219135243 0.4721491024 0.9429964579 1.362001651 1.702307477 1.942173334
 1.624126793 1.329035637 0.9450687409 0.4979575447 0.07053400761 0.4903892403 0.9562509388 1.371017552 1.707788325 1.945119775
 1.570564513 1.285303754 0.9097687788 0.4701740713 0.07448255378 0.5077079199 0.9689627277 1.379762285 1.713264585 1.948385786
 1.520109427 1.244082668 0.8764211489 0.4437741091 0.08206827955 0.5238312402 0.9809081258 1.388045331 1.718525418 1.951612841
 1.473476823 1.205953368 0.845485537 0.4190742141 0.09125047193 0.5385175185 0.9918819219 1.395687887 1.723371205 1.954467584
 1.431370309 1.171487891 0.8174203111 0.3964041698 0.1005439458 0.5515596487 1.001702813 1.402532265 1.727632898 1.95668569
 1.394475179 1.141244232 0.7926808954 0.3761180693 0.1090067372 0.562786962 1.010217749 1.408449332 1.731186744 1.958104335
 1.363447081 1.11575744 0.7717144211 0.3586026621 0.116073528 0.5720664093 1.01730483 1.41334316 1.733962539 1.958678661
 1.338894767 1.095525869 0.7549491075 0.344277808 0.1214279253 0.5793029453 1.022874584 1.417152509 1.735944592 1.958480166
 1.321356677 1.080992303 0.7427775123 0.333582871 0.1249296767 0.5844390897 1.026869663 1.41984922 1.737165751 1.957678071
 1.311272659 1.072520934 0.7355341521 0.3269443351 0.1265788333 0.5874537232 1.029263194 1.421434059 1.737695843 1.956507552
 1.308953815 1.070372569 0.7334698192 0.3247255044 0.1265024187 0.5883602485 1.03005614 1.421930868 1.737626695 1.955230672
 1.314554884 1.074681648 0.7367266458 0.3271683175 0.1249554772 0.5872042812 1.02927414 1.421380016 1.737056219 1.954096474
 1.328053949 1.08543901 0.7453187601 0.3343451767 0.1223315251 0.5840610425 1.026964245 1.41983218 1.736073936 1.953306075
 1.349243265 1.102483637 0.7591226468 0.3461381885 0.1191765249 0.5790325995 1.02319194 1.417343271 1.734749903 1.952987161
 1.377732855 1.125504854 0.7778791274 0.36225219 0.1161944195 0.5722450496 1.018038694 1.413971077 1.733128288 1.953180421
 1.412965935 1.15405436 0.8012060843 0.3822534386 0.1142209684 0.5638456863 1.011600164 1.409773866 1.731226109 1.95383874
 1.454243165 1.187565718 0.8286188165 0.4056178872 0.1141344188 0.5540001241 1.003985005 1.404810864 1.729036909 1.954838495
 1.500751739 1.225378048 0.8595539935 0.4317748307 0.1166905077 0.5428893196 0.9953141622 1.399144231 1.726538491 1.956001011
 1.55159554 1.2667608 0.8933935915 0.4601388895 0.1223328701 0.5307064043 0.9857204009 1.392841988 1.723703375 1.957121189
 1.60582357 1.310937242 0.9294863982 0.4901298819 0.131087249 0.5176532588 0.9753478216 1.385981207 1.720510299 1.957999355
 1.662455097 1.357105317 0.9671660047 0.5211835307 0.142605068 0.5039368038 0.9643511237 1.378650777 1.716954985 1.958471814
 1.720501027 1.404455416 1.005765235 0.5527565938 0.15630723 0.4897650568 0.9528944279 1.370953168 1.71305851 1.958435554
 1.778981739 1.452185217 1.044627541 0.5843292814 0.1715299589 0.475343096 0.9411495595 1.363004746 1.708872023 1.957863338
 1.836941961 1.499512054 1.083116096 0.6154067923 0.1876188053 0.4608691711 0.9292937902 1.354934463 1.70447708 1.95680692
 1.893463347 1.545683353 1.120621277 0.6455209399 0.2039715879 0.4465312806 0.9175071219 1.346880958 1.699981571 1.955388142
 1.947675339 1.589985623 1.156567073 0.6742322591 0.2200508737 0.4325045774 0.9059692674 1.338988351 1.695511902 1.953779699
 1.998764746 1.631752359 1.190416784 0.7011326474 0.235383306 0.418949952 0.8948565112 1.331401177 1.69120262 1.952179024
 2.04598432 1.670371089 1.221678205 0.7258484231 0.2495551573 0.4060140514 0.8843386336 1.324259002 1.687184992 1.950779618
 2.088660462 1.705289704 1.249908378 0.7480436072 0.2622079542 0.3938308314 0.8745760465 1.317691278 1.683576119 1.949744198
 2.126200104 1.736022083 1.274717907 0.7674232239 0.2730352685 0.3825245112 0.8657172359 1.311812922 1.680469989 1.949183411
 2.158096727 1.762153012 1.295774798 0.7837364245 0.281780662 0.3722135356 0.8578965518 1.306720986 1.677931506 1.949142708
 2.18393544 1.783342324 1.312807727 0.7967792704 0.2882364359 0.3630148872 0.8512323426 1.302492644 1.675994124 1.949598762
 2.203397038 1.799328203 1.325608674 0.8063970395 0.2922428119 0.3550478795 0.8458254038 1.299184551 1.674661174 1.950465562
 2.216260934 1.809929558 1.334034827 0.812485957 0.2936872423 0.348436452 0.841757711 1.29683349 1.673910566 1.95160911
 2.222406884 1.815047411 1.338009711 0.8149942794 0.2925036387 0.343309033 0.8390914072 1.295458074 1.673702073 1.95286867
 2.221815434 1.814665248 1.337523461 0.8139226866 0.2886713912 0.3397952815 0.8378680336 1.295061171 1.673986119 1.954081533
 2.214567043 1.808848271 1.332632239 0.8093239586 0.2822141032 0.3380194788 0.8381079907 1.295632637 1.67471274 1.95510771
 2.200839845 1.797741554 1.323456741 0.8013019293 0.2731980113 0.3380909956 0.8398102193 1.297151922 1.675839384 1.955850801
 2.180906068 1.78156709 1.310179817 0.7900097203 0.2617300779 0.340092971 0.8429520812 1.299590139 1.677336379 1.956271777
 2.155127106 1.760619748 1.293043207 0.7756472671 0.2479557525 0.344070918 0.8474894119 1.302911302 1.679189254 1.956393529
 2.123947318 1.735262176 1.272343413 0.7584581543 0.2320564021 0.3500231762 0.8533567287 1.307072565 1.681397616 1.95629556
 2.087886604 1.705918718 1.248426764 0.738725782 0.2142464017 0.3578948351 0.8604675898 1.312023511 1.683970844 1.956099881
 2.047531874 1.673068417 1.221683726 0.7167688895 0.1947698805 0.367576017 0.8687151405 1.317704674 1.686921371 1.955950601
 2.003527523 1.637237207 1.192542523 0.6929364716 0.173897114 0.3789044914 0.8779729148 1.324045678 1.690256709 1.955990599
 1.956565077 1.598989423 1.161462183 0.6676021307 0.1519205658 0.3916718133 0.8880959962 1.330963445 1.693971529 1.956338931
 1.907372186 1.558918784 1.128925114 0.6411579276 0.1291505988 0.4056317683 0.8989226555 1.338360935 1.698041094 1.957072284
 1.856701187 1.517639012 1.095429349 0.6140078142 0.1059109157 0.4205098839 0.9102765696 1.346126856 1.702417114 1.958213001
 1.805317467 1.475774305 1.061480645 0.5865607664 0.08253389465 0.4360130245 0.9219696874 1.354136633 1.707026717 1.959725183
 1.753987913 1.433949876 1.027584619 0.5592237768 0.05935636196 0.4518384373 0.9338057407 1.362254759 1.711774819 1.961519262
 1.703469723 1.392782801 0.9942391434 0.532394924 0.03671861666 0.4676819355 0.9455843198 1.370338453 1.716549632 1.963464349
 1.65449987 1.352873414 0.9619272414 0.5064567986 0.01499981996 0.483245119 0.9571053491 1.378242338 1.721230651 1.96540662
 1.607785487 1.314797476 0.9311107013 0.4817706334 0.006193252284 0.4982416446 0.9681737346 1.385823711 1.725698048 1.967191113
 1.563995371 1.279099289 0.902224617 0.4586715327 0.02509401525 0.5124025988 0.978603912 1.392947854 1.729842175 1.968683741
 1.523752747 1.246285858 0.8756729764 0.4374651962 0.04252815502 0.5254810251 0.9882240226 1.399492815 1.733571854 1.969790145
 1.48762924 1.216822083 0.8518253151 0.4184264429 0.05802149303 0.5372556451 0.9968794761 1.405353187 1.736820284 1.970468415
 1.456139909 1.191126838 0.8310143002 0.4017996076 0.07134908355 0.5475338108 1.00443573 1.410442507 1.739547768 1.970733675
 1.429739004 1.169569659 0.8135339448 0.3878005008 0.08233496365 0.5561537264 1.010780198 1.414694148 1.741740975 1.970653856
 1.40881598 1.15246765 0.7996380079 0.3766191215 0.09084629768 0.5629859925 1.015823306 1.418060764 1.743408992 1.970337476
 1.393691323 1.140082218 0.7895380706 0.3684218357 0.09679573352 0.5679345413 1.019498787 1.420512565 1.744576926 1.969915549
 1.38461179 1.13261529 0.7834008321 0.363351507 0.1001456319 0.5709370443 1.021763398 1.422034847 1.745278157 1.969520604
 1.38174493 1.13020489 0.7813443774 0.3615243362 0.1009141184 0.5719648774 1.022596241 1.422625279 1.745546539 1.96926613
 1.385173092 1.132920211 0.7834334992 0.3630230202 0.09918443883 0.5710227228 1.021997917 1.42229144 1.745409753 1.969229478
 1.394887434 1.140756628 0.7896745284 0.3678871059 0.09512085143 0.568147869 1.01998965 1.421049007 1.744884829 1.969440643
 1.410782767 1.153631316 0.8000104361 0.3761025777 0.08899766813 0.5634092398 1.016612526 1.418920866 1.743976475 1.96987838
 1.432654127 1.171380225 0.8143170969 0.3875932255 0.08125494592 0.5569061539 1.011926857 1.415937226 1.742678383 1.970474104
 1.460195852 1.193757103 0.83240151 0.4022159015 0.07260682227 0.5487667778 1.006011646 1.412136617 1.740977268 1.971122965
 1.493003689 1.220434991 0.8540024867 0.4197606164 0.0642384906 0.5391462111 0.9989640412 1.407567511 1.738858951 1.971700508
 1.530580052 1.251010342 0.8787939387 0.4399551342 0.05805743345 0.5282241214 0.9908986309 1.402290156 1.736315482 1.972082495
 1.572342207 1.285009585 0.9063905419 0.4624728379 0.0565655092 0.5162018416 0.9819464296 1.396378191 1.73335214 1.97216492
 1.617632917 1.321897752 0.9363553103 0.4869423762 0.06154025165 0.5032988585 0.9722533956 1.389919588 1.729993126 1.971881097
 1.665732905 1.361088653 0.9682085104 0.5129578341 0.07260947318 0.4897486472 0.961978395 1.383016591 1.726284972 1.971213085
 1.715874523 1.401956076 1.001437364 0.5400886175 0.08802029559 0.4757938589 0.9512905794 1.375784447 1.722297036 1.970195573
 1.767256055 1.443845532 1.035506083 0.5678886669 0.1060783592 0.4616809312 0.940366232 1.368348915 1.718118899 1.968911607
 1.8190562 1.486086167 1.06986589 0.5959049118 0.1255676968 0.4476542665 0.9293852084 1.360842718 1.713854986 1.96748088
 1.870448392 1.528002543 1.103964801 0.6236850248 0.1456390217 0.4339502124 0.9185271613 1.353401262 1.709617154 1.966042549
 1.920614709 1.568926077 1.137257018 0.6507845789 0.1656615108 0.4207911566 0.9079677693 1.34615804 1.705516294 1.96473534
 1.968759191 1.608205996 1.169211839 0.6767736983 0.1851326733 0.4083801219 0.8978751918 1.339240196 1.701654094 1.963678025
 2.014120431 1.64521968 1.199322021 0.7012432523 0.2036315614 0.3968962869 0.8884069426 1.332764661 1.698116086 1.962953144
 2.05598333 1.679382316 1.227111546 0.7238106076 0.2207956938 0.3864918461 0.8797073184 1.326835202 1.694966836 1.962596258
 2.093689926 1.710155787 1.252142748 0.7441249218 0.236310127 0.3772905436 0.8719054506 1.321540575 1.692247848 1.962592158
 2.126649202 1.737056702 1.274022743 0.761871945 0.2499026769 0.3693880579 0.8651139779 1.316953839 1.68997833 1.962878485
 2.154345786 1.759663539 1.292409127 0.7767782855 0.2613422279 0.3628541864 0.8594282758 1.313132726 1.688158593 1.963356237
 2.176347472 1.77762279 1.307014884 0.788615098 0.2704385349 0.3577365138 0.8549261332 1.310120836 1.686775482 1.963905679
 2.192311483 1.790654096 1.317612474 0.7972011533 0.2770426719 0.3540650001 0.8516677424 1.307949333 1.685808961 1.964405354
 2.201989414 1.798554282 1.324037047 0.8024052592 0.2810476694 0.3518567442 0.8496958651 1.306638795 1.685238803 1.96475138
 2.205230798 1.801200283 1.32618877 0.8041480057 0.2823890926 0.3511201263 0.8490360497 1.30620084 1.685050323 1.964874005
