/rn,a,b/nx0/ls1
/r,qa,qb
246 -0.49 0.49 0 OUTPUT_AMPLITUDE_3D 0 0 0 0 0 Wavelength=1
10 0.1 0.19
 0.3370037148 0.4543794271 0.5466954362 0.6089033059 0.6376795742 0.6316142333 0.59130685 0.5193807675 0.4204807262 0.3015597426
 0.3369268931 0.4542726791 0.5465622961 0.6087481791 0.6375075689 0.6314309656 0.5911182318 0.5191927975 0.42029934 0.3013909164
 0.3366967665 0.4539529109 0.5461634775 0.6082835124 0.6369923616 0.6308820449 0.5905533042 0.5186298058 0.4197559693 0.3008847804
 0.3363143998 0.4534216028 0.5455008279 0.6075114587 0.6361363347 0.6299699906 0.5896145979 0.5176941321 0.4188523539 0.3000414832
 0.3357815616 0.4526812143 0.5445774169 0.6064355951 0.6349434491 0.6286989951 0.5883063366 0.5163897157 0.4175915249 0.2988616556
 0.3351007159 0.451735172 0.5433975217 0.6050609079 0.6334192289 0.6270749149 0.5866344442 0.5147221484 0.4159779817 0.2973469227
 0.3342750102 0.4505878533 0.5419666073 0.6033937702 0.63157074 0.6251052541 0.5846065483 0.5126987313 0.4140178935 0.2955004965
 0.3333082601 0.4492445653 0.540291301 0.6014419129 0.6294065609 0.6227991419 0.5822319755 0.510328523 0.4117192888 0.2933277524
 0.3322049304 0.447711519 0.5383793599 0.5992143891 0.6269367455 0.6201672983 0.5795217336 0.5076223649 0.4090921992 0.2908366901
 0.3309701129 0.4459957985 0.5362396339 0.5967215307 0.6241727772 0.6172219903 0.5764884763 0.5045928737 0.4061487261 0.2880382022
 0.3296095007 0.4441053258 0.5338820212 0.593974898 0.621127514 0.6139769744 0.5731464484 0.5012543951 0.4029030142 0.2849460994
 0.3281293593 0.4420488205 0.5313174191 0.5909872222 0.6178151243 0.6104474284 0.5695114107 0.4976229155 0.3993711281 0.2815768842
 0.3265364945 0.439835755 0.528557668 0.5877723401 0.6142510142 0.6066498698 0.565600547 0.4937159383 0.3955708427 0.2779493022
 0.3248382164 0.4374763057 0.5256154901 0.5843451223 0.6104517465 0.6026020654 0.561432355 0.489552332 0.3915213733 0.274083738
 0.3230423012 0.4349812986 0.5225044222 0.580721395 0.6064349518 0.5983229305 0.557026527 0.4851521638 0.3872430768 0.2700015464
 0.3211569493 0.4323621522 0.5192387437 0.5769178546 0.6022192328 0.5938324223 0.552403825 0.4805365306 0.3827571633 0.2657244203
 0.3191907408 0.4296308149 0.5158333986 0.5729519776 0.5978240627 0.5891514281 0.547585954 0.4757274009 0.3780854501 0.2612738921
 0.3171525881 0.4267996994 0.5123039142 0.5688419244 0.5932696782 0.5843016489 0.5425954381 0.4707474771 0.3732501853 0.2566710383
 0.3150516859 0.4238816134 0.5086663133 0.5646064382 0.5885769671 0.579305481 0.5374555006 0.4656200813 0.3682739535 0.2519364296
 0.3128974598 0.4208896869 0.5049370245 0.560264739 0.5837673516 0.574185894 0.5321899471 0.4603690653 0.363179661 0.2470903207
 0.310699511 0.4178372968 0.5011327869 0.5558364136 0.5788626675 0.5689663063 0.5268230514 0.4550187379 0.3579905843 0.2421530368
 0.3084675613 0.4147379886 0.4972705527 0.5513413013 0.5738850378 0.5636704559 0.5213794389 0.4495937984 0.3527304513 0.2371454765
 0.3062113958 0.4116053966 0.4933673868 0.5467993766 0.5688567435 0.5583222656 0.5158839637 0.4441192635 0.3474235186 0.2320896289
 0.303940804 0.4084531622 0.489440364 0.5422306279 0.5638000886 0.5529457026 0.5103615753 0.4386203747 0.3420946073 0.2270089964
 0.301665522 0.4052948519 0.485506465 0.5376549358 0.5587372628 0.5475646308 0.5048371718 0.4331224745 0.3367690618 0.2219288254
 0.2993951736 0.4021438746 0.4815824726 0.5330919482 0.5536902005 0.5422026572 0.4993354369 0.4276508437 0.3314726118 0.2168760775
 0.2971392123 0.3990134001 0.4776848674 0.5285609572 0.5486804391 0.5368829722 0.4938806634 0.4222305007 0.3262311281 0.2118791089
 0.2949068648 0.3959162792 0.4738297265 0.5240807765 0.5437289769 0.5316281876 0.4884965637 0.4168859655 0.3210702827 0.2069670773
 0.2927070766 0.3928649665 0.4700326244 0.5196696226 0.5388561341 0.5264601751 0.4832060749 0.4116410001 0.3160151367 0.2021691347
 0.29054846 0.3898714467 0.4663085392 0.5153450006 0.5340814188 0.5213999077 0.478031165 0.4065183409 0.3110896944 0.1975135024
 0.2884392454 0.3869471662 0.4626717642 0.5111235973 0.5294234005 0.5164673109 0.4729926466 0.4015394402 0.3063164658 0.1930265433
 0.2863872377 0.38410297 0.4591358275 0.5070211836 0.5248995945 0.5116811256 0.468110009 0.396724233 0.3017160799 0.188731945
 0.2843997766 0.3813490461 0.4557134201 0.5030525269 0.5205263595 0.507058788 0.4634012722 0.392090946 0.2973069847 0.1846501115
 0.2824837027 0.3786948771 0.4524163341 0.4992313169 0.5163188104 0.5026163295 0.4588828714 0.3876559566 0.2931052557 0.1807978236
 0.2806453302 0.3761492015 0.4492554132 0.4955701053 0.5122907483 0.4983682984 0.4545695723 0.3834337076 0.289124522 0.1771881805
 0.2788904255 0.3737199835 0.4462405142 0.4920802604 0.5084546097 0.4943277055 0.4504744198 0.379436675 0.2853759971 0.1738307927
 0.2772241937 0.3714143936 0.4433804822 0.488771938 0.5048214346 0.4905059937 0.4466087179 0.3756753836 0.2818685957 0.1707321531
 0.2756512709 0.3692387988 0.4406831395 0.485654069 0.5014008547 0.4869130306 0.4429820376 0.3721584585 0.2786091022 0.1678960899
 0.2741757253 0.3671987641 0.4381552875 0.4827343636 0.4982011012 0.4835571239 0.4396022502 0.3688927013 0.2756023572 0.1653242033
 0.2728010647 0.3652990635 0.4358027224 0.4800193314 0.4952290314 0.4804450577 0.4364755803 0.3658831808 0.2728514331 0.1630162023
 0.2715302506 0.3635437015 0.4336302636 0.4775143181 0.4924901739 0.477582148 0.4336066764 0.3631333282 0.2703577757 0.1609700931
 0.2703657197 0.3619359437 0.4316417941 0.4752235559 0.4899887898 0.4749723156 0.430998696 0.3606450343 0.2681213058 0.1591822144
 0.2693094101 0.3604783557 0.4298403125 0.473150228 0.4877279499 0.4726181752 0.4286534036 0.3584187464 0.2661404837 0.1576471531
 0.2683627941 0.3591728501 0.4282279936 0.4712965445 0.4857096257 0.4705211393 0.4265712821 0.3564535704 0.264412354 0.1563576111
 0.2675269135 0.3580207384 0.426806258 0.4696638282 0.4839347905 0.4686815341 0.4247516568 0.3547473821 0.2629325943 0.1553043022
 0.2668024198 0.3570227887 0.4255758472 0.4682526079 0.4824035318 0.4670987276 0.4231928328 0.3532969575 0.2616955931 0.1544759572
 0.2661896151 0.3561792862 0.4245369029 0.4670627174 0.4811151683 0.4657712658 0.4218922461 0.3520981253 0.2606945796 0.15385949
 0.2656884953 0.3554900944 0.4236890484 0.4660933959 0.4800683723 0.4646970151 0.4208466263 0.3511459466 0.2599218197 0.1534403462
 0.2652987921 0.3549547175 0.4230314696 0.4653433903 0.4792612916 0.4638733081 0.420052169 0.3504349212 0.2593688828 0.1532030239
 0.2650200144 0.3545723597 0.4225629941 0.4648110526 0.4786916695 0.4632970879 0.4195047128 0.3499592158 0.2590269718 0.1531317239
 0.2648514873 0.3543419819 0.422282165 0.4644944337 0.4783569584 0.4629650479 0.4191999154 0.3497129044 0.2588872995 0.1532110772
 0.2647923872 0.354262353 0.422187309 0.4643913676 0.4782544241 0.4628737607 0.4191334227 0.3496902099 0.2589414857 0.1534268851
 0.2648417738 0.3543320953 0.4222765959 0.4644995465 0.4783812382 0.4630197935 0.419301021 0.3498857314 0.2591819439 0.1537668162
 0.2649986157 0.3545497225 0.4225480882 0.464816583 0.4787345539 0.4633998044 0.419698767 0.3502946412 0.2596022275 0.1542210074
 0.2652618119 0.3549136698 0.4229997804 0.4653400581 0.4793115656 0.464010616 0.4203230879 0.3509128398 0.2601973027 0.1547825303
 0.2656302061 0.3554223147 0.423629626 0.4660675547 0.4801095486 0.4648492641 0.4211708446 0.3517370531 0.2609637257 0.155447688
 0.2661025961 0.3560739894 0.4244355526 0.4669966753 0.4811258787 0.4659130192 0.4222393575 0.3527648679 0.2618997037 0.1562161198
 0.2666777355 0.3568669839 0.4254154649 0.4681250435 0.4823580313 0.4671993812 0.4235263916 0.3539946991 0.2630050327 0.1570906966
 0.2673543311 0.3577995396 0.4265672355 0.4694502907 0.4838035617 0.4687060474 0.4250301031 0.3554256938 0.2642809138 0.1580772023
 0.2681310328 0.3588698355 0.4278886848 0.4709700286 0.4854600663 0.4704308577 0.4267489524 0.3570575789 0.2657296627 0.1591838098
 0.2690064195 0.3600759661 0.4293775507 0.4726818081 0.4873251289 0.4723717181 0.4286815897 0.3588904648 0.2673543365 0.1604203783
 0.26997898 0.3614159126 0.431031449 0.4745830682 0.4893962524 0.4745265104 0.4308267207 0.3609246235 0.2691583136 0.1617976178
 0.2710470901 0.3628875088 0.4328478275 0.4766710753 0.4916707815 0.4768929888 0.4331829623 0.3631602588 0.2711448659 0.1633261948
 0.2722089862 0.3644884027 0.434823913 0.4789428558 0.4941458174 0.4794686718 0.4357486974 0.3655972875 0.2733167685 0.1650158674
 0.2734627378 0.3662160143 0.4369566561 0.4813951246 0.4968181289 0.4822507319 0.4385219349 0.3682351488 0.2756759837 0.1668747536
 0.2748062177 0.3680674927 0.4392426727 0.4840242114 0.4996840616 0.4852358881 0.4415001833 0.371072652 0.2782234514 0.1689088327
 0.2762370731 0.3700396729 0.441678186 0.4868259876 0.50273945 0.4884203026 0.4446803388 0.3741078692 0.2809589989 0.1711217518
 0.2777526965 0.3721290331 0.4442589701 0.4897957947 0.5059795315 0.4917994853 0.4480585903 0.3773380686 0.2838813662 0.17351497
 0.2793501995 0.374331655 0.4469802965 0.4929283777 0.5093988671 0.4953682059 0.4516303375 0.3807596813 0.286988321 0.176088205
 0.2810263881 0.3766431881 0.449836886 0.4962178236 0.512991268 0.499120413 0.4553901192 0.3843682835 0.2902768222 0.1788400892
 0.2827777419 0.3790588183 0.4528228664 0.499657508 0.5167497305 0.5030491617 0.4593315455 0.3881585764 0.2937431739 0.1817688812
 0.2846003977 0.3815732426 0.4559317377 0.5032400495 0.5206663803 0.5071465474 0.4634472304 0.3921243472 0.2973831159 0.1848730576
 0.2864901376 0.3841806511 0.4591563463 0.5069572754 0.5247324261 0.5114036478 0.4677287203 0.3962583932 0.3011917995 0.1881516111
 0.288442382 0.3868747156 0.4624888684 0.5108001971 0.528938126 0.5158104721 0.472166419 0.4005524078 0.3051636195 0.1916039301
 0.2904521891 0.389648587 0.4659208041 0.5147589988 0.5332727652 0.5203559226 0.4767495122 0.404996827 0.3092919003 0.195229207
 0.2925142597 0.3924949011 0.4694429819 0.5188230387 0.5377246501 0.5250277682 0.4814658978 0.4095806546 0.3135684657 0.1990254205
 0.2946229482 0.3954057929 0.4730455751 0.5229808647 0.5422811167 0.529812637 0.4863021327 0.4142912891 0.3179831496 0.2029880277
 0.29677228 0.3983729199 0.4767181297 0.5272202432 0.546928558 0.5346960296 0.4912434057 0.4191143813 0.3225233308 0.2071085846
 0.2989559743 0.4013874939 0.4804496032 0.5315282039 0.5516524688 0.5396623575 0.4962735487 0.4240337569 0.3271735808 0.211373554
 0.3011674739 0.4044403218 0.484228415 0.5358910978 0.5564375102 0.5446950092 0.501375094 0.4290314304 0.3319155106 0.2157635633
 0.3033999789 0.4075218535 0.4880425073 0.5402946692 0.5612675914 0.5497764438 0.5065293823 0.4340877273 0.3367278798 0.2202533216
 0.3056464869 0.4106222382 0.4918794159 0.54472414 0.5661259688 0.5548883096 0.5117167192 0.4391815202 0.341586992 0.2248123147
 0.3078998374 0.4137313866 0.4957263495 0.5491643056 0.5709953594 0.5600115849 0.5169165725 0.4442905617 0.3464673589 0.229406268
 0.31015276 0.4168390397 0.499570277 0.5535996397 0.5758580652 0.5651267331 0.5221077959 0.4493918859 0.3513425645 0.2339992298
 0.3123979265 0.4199348423 0.5033980216 0.5580144069 0.5806961055 0.5702138653 0.5272688625 0.4544622314 0.3561862196 0.2385560036
 0.3146280062 0.4230084214 0.5071963597 0.562392781 0.5854913537 0.5752529023 0.5323780845 0.4594784344 0.3609728687 0.243044565
 0.3168357229 0.4260494671 0.5109521246 0.5667189677 0.5902256754 0.5802237292 0.5374138034 0.4644177379 0.365678705 0.2474380634
 0.3190139143 0.4290478175 0.5146523139 0.5709773307 0.5948810669 0.5851063374 0.5423545349 0.4692579744 0.370281962 0.2517160355
 0.3211555917 0.4319935443 0.5182841991 0.5751525199 0.5994397924 0.5898809536 0.5471790617 0.4739775944 0.3747628923 0.2558645454
 0.3232540013 0.4348770401 0.521835437 0.5792296025 0.6038845216 0.5945281575 0.5518664784 0.4785555398 0.3791033009 0.2598751133
 0.3253026839 0.4376891059 0.5252941837 0.5831941969 0.6081984702 0.5990289951 0.5563962025 0.4829709874 0.3832856719 0.2637424696
 0.3272955342 0.440421038 0.5286492076 0.5870326093 0.6123655463 0.6033650983 0.5607479752 0.4872030162 0.3872919997 0.2674613658
 0.329226859 0.4430647138 0.5318900044 0.5907319747 0.6163705068 0.6075188218 0.5649018849 0.4912302745 0.3911025009 0.271022843
 0.3310914315 0.445612674 0.5350069098 0.5942804012 0.6201991269 0.611473411 0.5688384477 0.4950307375 0.3946944281 0.2744104963
 0.3328845428 0.4480582024 0.5379912106 0.5976671178 0.6238383857 0.6152132112 0.5725387795 0.4985816483 0.3980412251 0.2775973347
 0.3346020488 0.4503953988 0.5408352514 0.6008826225 0.6272766668 0.6187239253 0.5759848868 0.5018597223 0.4011122469 0.2805438309
 0.3362404109 0.4526192456 0.5435325344 0.6039188298 0.630503972 0.6219929201 0.5791600895 0.5048416735 0.4038732191 0.2831976497
 0.3377967306 0.4547256647 0.5460778095 0.6067692108 0.6335121419 0.6250095755 0.5820495749 0.50750508 0.4062875303 0.2854953732
 0.3392687749 0.4567115637 0.5484671506 0.6094289206 0.6362950723 0.6277656601 0.5846410601 0.5098295648 0.408318349 0.2873662964
 0.340654994 0.4585748677 0.5506980152 0.6118949075 0.6388489162 0.6302557119 0.5869255219 0.51179822 0.4099314414 0.2887380954
 0.3419545274 0.4603145366 0.5527692819 0.6141659934 0.6411722538 0.6324773929 0.5888979373 0.5133991577 0.4110984587 0.2895438975
 0.3431672003 0.4619305645 0.554681263 0.6162429207 0.6432662167 0.6344317863 0.5905579621 0.514627039 0.4118003708 0.2897300482
 0.3442935073 0.4634239605 0.5564356893 0.6181283561 0.6451345487 0.6361236001 0.5919104747 0.5154844111 0.4120306662 0.2892637089
 0.3453345851 0.4647967099 0.5580356637 0.6198268472 0.6467835918 0.6375612469 0.592965909 0.5159826847 0.4117979234 0.2881393576
 0.3462921733 0.466051716 0.5594855837 0.6213447287 0.6482221866 0.6387567756 0.5937403195 0.5161426036 0.4111273946 0.2863833188
 0.3471685641 0.4671927231 0.5607910327 0.622689976 0.649461483 0.6397256394 0.5942551348 0.5159940971 0.4100613214 0.2840556121
 0.3479665415 0.4682242212 0.5619586424 0.6238720098 0.6505146635 0.6404863 0.5945365863 0.5155754648 0.4086578263 0.2812486808
 0.3486893123 0.4691513364 0.5629959295 0.6249014577 0.6513965873 0.6410596788 0.5946148284 0.5149319064 0.4069883715 0.2780828928
 0.3493404299 0.4699797089 0.5639111128 0.62578988 0.6521233699 0.6414684825 0.5945227956 0.5141134817 0.4051339359 0.2746990819
 0.3499237127 0.4707153624 0.5647129161 0.626549473 0.6527119199 0.6417364409 0.594294872 0.5131726472 0.4031802105 0.2712487483
 0.3504431599 0.4713645694 0.5654103643 0.6271927601 0.6531794556 0.6418875045 0.5939654693 0.5121615699 0.4012122353 0.2678828383
 0.3509028668 0.4719337157 0.5660125808 0.627732288 0.6535430296 0.6419450564 0.5935676214 0.5111294472 0.3993089801 0.2647402212
 0.3513069411 0.4724291688 0.566528592 0.6281803374 0.6538190866 0.6419311881 0.5931317074 0.5101200737 0.3975383947 0.2619370561
 0.3516594234 0.4728571534 0.5669671473 0.6285486641 0.6540230777 0.6418660909 0.5926844035 0.5091698746 0.3959534234 0.2595581776
 0.3519642119 0.473223638 0.5673365578 0.6288482773 0.6541691509 0.6417675978 0.5922479458 0.5083065849 0.3945893875 0.2576514365
 0.3522249953 0.4735342327 0.5676445596 0.6290892627 0.6542699283 0.6416509015 0.5918397549 0.5075486931 0.393463006 0.2562256336
 0.3524451912 0.4737941022 0.567898202 0.6292806534 0.6543363745 0.6415284556 0.5914724406 0.5069056874 0.392573156 0.2552523062
 0.3526278943 0.4740078932 0.5681037609 0.6294303472 0.6543777545 0.6414100507 0.5911541646 0.5063790642 0.391903293 0.2546712213
 0.3527758317 0.4741796754 0.5682666773 0.6295450645 0.6544016659 0.6413030381 0.590889306 0.5059639785 0.391425273 0.2543990258
 0.3528913266 0.4743128962 0.5683915155 0.629630342 0.6544141313 0.6412126624 0.5906793426 0.505651346 0.391104164 0.2543401476
 0.3529762698 0.474410347 0.5684819393 0.6296905493 0.6544197271 0.6411424544 0.5905238397 0.5054301605 0.3909035264 0.25439878
 0.3530320972 0.4744741392 0.5685406996 0.6297289198 0.6544217243 0.6410946298 0.5904214305 0.5052897677 0.3907905798 0.2544906373
 0.3530597746 0.4745056884 0.5685696305 0.6297475851 0.6544222198 0.6410704437 0.5903706706 0.5052218392 0.3907406873 0.2545531745
 0.3530597873 0.4745057047 0.5685696488 0.6297476031 0.6544222351 0.6410704532 0.5903706709 0.5052218261 0.3907406567 0.2545531221
 0.3530321355 0.474474188 0.5685407547 0.6297289741 0.6544217706 0.641094659 0.5904214319 0.5052897294 0.3907904889 0.2544904814
 0.3529763338 0.4744104287 0.5684820317 0.6296906405 0.6544198053 0.6411425045 0.5905238442 0.5054300994 0.3909033785 0.2543985244
 0.3528914166 0.4743130114 0.5683916461 0.6296304714 0.6544142432 0.6412127359 0.5906793531 0.5056512661 0.3911039642 0.2543397985
 0.3527759481 0.4741798248 0.5682668471 0.6295452337 0.6544018138 0.641303138 0.5908893269 0.5059638855 0.3914250284 0.2543985921
 0.3526280378 0.4740080778 0.5681039714 0.6294305582 0.6543779412 0.6414101809 0.591154201 0.5063789649 0.3919030128 0.254670714
 0.3524453624 0.4737943229 0.5678984547 0.6292809087 0.6543366034 0.6415286208 0.5914724988 0.5069055901 0.3925728507 0.2552517386
 0.3522251948 0.4735344908 0.5676448565 0.6290895648 0.654270203 0.6416511068 0.591839842 0.5075486073 0.3934626879 0.2562250211
 0.3519644406 0.4732239348 0.5673369006 0.6288486291 0.6541694757 0.641767849 0.5922480695 0.5083065209 0.3945890702 0.2576507963
 0.3516596819 0.4728574902 0.5669675382 0.6285490687 0.6540234567 0.6418663939 0.5926845722 0.5091698435 0.3959531216 0.2595575285
 0.3513072303 0.4724295468 0.5665290331 0.6281807978 0.6538195244 0.6419315492 0.5931319295 0.5101200873 0.3975381239 0.2619364184
 0.3509031873 0.4719341363 0.566013074 0.6277328072 0.6535435306 0.6419454818 0.5935679058 0.5111295173 0.3993087564 0.2647396158
 0.3504435124 0.4713650338 0.5654109116 0.6271933411 0.6531800241 0.6418880006 0.5939658246 0.5121617085 0.4012120748 0.2678822868
 0.3499240977 0.4707158715 0.5647135191 0.6265501184 0.65271256 0.6417370134 0.5942953066 0.513172866 0.4031801293 0.2712482723
 0.3493408479 0.4699802637 0.5639117731 0.6257905924 0.6521240853 0.641469137 0.5945233175 0.5141137919 0.4051339495 0.2746987024
 0.3486897636 0.4691519376 0.5629966483 0.624902239 0.6513973812 0.6410604202 0.5946154448 0.5149323184 0.4069884945 0.27808263
 0.3479670261 0.4682248691 0.5619594206 0.6238728617 0.6505155387 0.6404871325 0.5945373035 0.5155759879 0.4086580719 0.2812485535
 0.3471690821 0.4671934179 0.5607918707 0.6226908996 0.6494624414 0.6397265664 0.594255958 0.5159947391 0.4100617013 0.2840556371
 0.3462927243 0.4660524575 0.5594864815 0.6213457245 0.6482232296 0.6387577995 0.5937412528 0.5161433709 0.4111279184 0.2863835101
 0.3453351686 0.4647974974 0.5580366209 0.619827915 0.6467847197 0.637562369 0.592966955 0.5159835819 0.4117985983 0.2881397266
 0.3442941225 0.4634247933 0.5564367049 0.618129495 0.645135761 0.6361248204 0.5919116345 0.5154854406 0.4120314969 0.2892642635
 0.3431678463 0.4619314412 0.5546823355 0.6162441293 0.6432675121 0.6344331038 0.5905592352 0.5146282014 0.4118013594 0.2897307928
 0.3419552029 0.4603154555 0.5527704093 0.6141672693 0.6411736298 0.6324788051 0.5888993214 0.5134004512 0.411099604 0.2895448323
 0.3406556974 0.4585758266 0.5506991949 0.6118962477 0.6388503694 0.6302572153 0.5869270133 0.5117996405 0.4099327395 0.2887392169
 0.3392695045 0.4567125603 0.5484683795 0.6094303214 0.6362965985 0.6277672499 0.5846426533 0.5098311063 0.408319793 0.2873675968
 0.3377974844 0.4547266962 0.5460790838 0.6067706678 0.6335137359 0.6250112455 0.5820512629 0.5075067342 0.4062891104 0.2854968411
 0.3362411867 0.4526203087 0.5435338502 0.6039203381 0.6305056279 0.6219946632 0.5791618637 0.5048434303 0.4038749229 0.28319927
 0.334602844 0.4503964902 0.540836604 0.6008841763 0.6272783776 0.6187257333 0.5759867375 0.5018615696 0.4011140596 0.2805455852
 0.3328853549 0.4480593182 0.5379925952 0.597668711 0.6238401441 0.6152150752 0.5725406957 0.4985835726 0.3980431298 0.2775992018
 0.3310922577 0.4456138103 0.535008321 0.5942820274 0.6202009248 0.6114753212 0.5688404175 0.4950327243 0.3946964064 0.2744124527
 0.3292276965 0.4430658663 0.5318914368 0.5907336268 0.6163723356 0.6075207678 0.5649038956 0.491232308 0.3911045331 0.2710248637
 0.3272963799 0.4404222025 0.5286506555 0.5870342802 0.6123673973 0.6033670694 0.5607500137 0.4872050802 0.3872940653 0.2674634247
 0.3253035347 0.4376902779 0.5252956411 0.5831958793 0.6082003344 0.5990309804 0.5563982555 0.4829730655 0.3832877503 0.2637445405
 0.3232548542 0.4348782151 0.5218368982 0.579231289 0.60388639 0.594530146 0.5518685326 0.4785576155 0.3791053715 0.2598771701
 0.3211564436 0.4319947179 0.518285658 0.5751542032 0.5994416561 0.5898829346 0.547181104 0.4739796517 0.3747649353 0.2558665631
 0.3190147619 0.4290489852 0.5146537649 0.5709790036 0.5948829172 0.5851083004 0.5423565529 0.4692599982 0.3702839587 0.2517179905
 0.3168365634 0.4260506246 0.5109535621 0.5667206233 0.5902275039 0.5802256643 0.5374157852 0.4644197141 0.365680638 0.2474399343
 0.3146288367 0.4230095645 0.5071977782 0.5623944127 0.5854931526 0.5752548002 0.5323800192 0.45948035 0.3609747226 0.2430463325
 0.3123987441 0.4199359672 0.5033994161 0.5580160085 0.5806978675 0.5702157176 0.5272707404 0.4544640752 0.3561879809 0.2385576514
 0.3101535621 0.4168401426 0.4995716427 0.5536012055 0.5758597836 0.5651285322 0.5221096084 0.4493936481 0.3513442223 0.2340007445
 0.3079006216 0.413732464 0.4957276819 0.5491658304 0.5709970282 0.5600133243 0.5169183124 0.4442922346 0.3464689044 0.2294076395
 0.3056472509 0.4106232869 0.4918807112 0.5447256192 0.566127583 0.5548899837 0.511718381 0.4391830979 0.3415884192 0.2248135363
 0.3034007205 0.4075228707 0.488043762 0.5402960988 0.5612691466 0.5497780483 0.5065309617 0.4340892061 0.3367291855 0.2202543899
 0.3011681913 0.4044413049 0.4842296259 0.5358924745 0.5564390031 0.5446965408 0.5013765882 0.4290328083 0.3319166939 0.2157644785
 0.2989566659 0.4013884408 0.4804507678 0.5315295249 0.5516538967 0.539663814 0.4962749565 0.4240350342 0.3271746436 0.2113743197
 0.2967729442 0.3983738286 0.4767192459 0.5272215064 0.546929919 0.5346974101 0.4912447274 0.4191155598 0.3225242776 0.2071092077
 0.2946235838 0.3954066618 0.473046641 0.5229820684 0.5422824099 0.5298139414 0.4863033697 0.4142923726 0.3179839871 0.2029885181
 0.2925148657 0.3924957289 0.4694439963 0.5188241821 0.5377258751 0.5250289972 0.4814670528 0.4095816485 0.3135692025 0.199025791
 0.2904527645 0.3896493727 0.465921766 0.5147600812 0.5332739223 0.520357078 0.476750589 0.4049977379 0.3092925472 0.1952294731
 0.2884429262 0.3868754584 0.4624897773 0.5108012185 0.5289392159 0.5158115563 0.4721674223 0.4005532437 0.3051641886 0.1916041094
 0.2864906499 0.3841813504 0.4591572017 0.506958236 0.5247334502 0.5114046636 0.4677296554 0.3962591629 0.3011923044 0.188151723
 0.2846008777 0.381573898 0.4559325395 0.5032409498 0.5206673401 0.5071474982 0.4634481031 0.3921250598 0.2973835707 0.1848731227
 0.2827781892 0.3790594294 0.4528236147 0.4996583486 0.5167506278 0.5030500508 0.4593323618 0.3881592418 0.2937435931 0.181768921
 0.2810268024 0.3766437548 0.4498375808 0.4962186054 0.5129921046 0.499121244 0.4553908851 0.3843689111 0.2902772206 0.1788401252
 0.2793505806 0.3743321771 0.446980938 0.4929291013 0.5093996448 0.4953689821 0.4516310589 0.3807602804 0.2869887128 0.1760882586
 0.277753044 0.3721295104 0.4442595583 0.4897964609 0.5059802519 0.4918002099 0.4480592723 0.3773386477 0.2838817644 0.1735150614
 0.2762373868 0.3700401052 0.441678721 0.4868265967 0.5027401143 0.488420978 0.444680986 0.3741084357 0.2809594156 0.1711218997
 0.2748064973 0.3680678796 0.4392431543 0.4840247637 0.4996846706 0.4852365163 0.4415007993 0.3710732122 0.2782238966 0.1689090534
 0.2734629829 0.3662163553 0.4369570839 0.4813956199 0.496818683 0.4822513141 0.4385225222 0.3682357073 0.2756764654 0.1668750608
 0.2722091963 0.3644886973 0.4348242864 0.4789432936 0.4941463164 0.4794692081 0.4357492573 0.365597847 0.273317292 0.1650162713
 0.2710472646 0.3628877563 0.4328481455 0.4766714547 0.4916712243 0.4768934786 0.4331834946 0.3631608201 0.271145434 0.1633267022
 0.2699791183 0.3614161118 0.4310317105 0.4745833876 0.4893966374 0.474526952 0.4308272236 0.3609251854 0.2691589258 0.1617982311
 0.2690065207 0.360076116 0.429377754 0.4726820656 0.4873254537 0.4723721087 0.4286820601 0.3588910237 0.2673549895 0.1604210959
 0.2681310961 0.3588699348 0.4278888282 0.4709702217 0.4854603279 0.4704311932 0.4267493855 0.357058129 0.2657303499 0.1591846259
 0.2673543555 0.3577995867 0.4265673167 0.4694504167 0.4838037561 0.4687063231 0.4250304926 0.3554262273 0.2642816257 0.1580781065
 0.26667772 0.3568669772 0.4254154816 0.4681250989 0.4823581542 0.4671995911 0.4235267298 0.353995206 0.2630057568 0.1570916748
 0.2661025394 0.356073927 0.4244355021 0.4669966565 0.4811259249 0.4659131566 0.4222396355 0.3527653366 0.2619004249 0.1562171541
 0.2656301071 0.3554221946 0.4236295054 0.4660674576 0.4801095128 0.4648493215 0.4211710523 0.3517374702 0.2609644264 0.1554487567
 0.2652616693 0.3549134901 0.4229995869 0.4653398786 0.4793114418 0.4640105854 0.4203232144 0.3509131905 0.2601979634 0.154783609
 0.2649984284 0.3545494813 0.4225478188 0.4648163168 0.478734336 0.4633996774 0.4196988008 0.3502949099 0.2596028271 0.1542220691
 0.2648415406 0.3543317907 0.4222762477 0.4644991893 0.4783809202 0.4630195615 0.41930095 0.3498859015 0.2591824602 0.1537678317
 0.2647921072 0.3542619832 0.4221868792 0.4643909153 0.4782540001 0.4628734152 0.4191332351 0.349690265 0.2589418957 0.1534278238
 0.2648511595 0.3543415454 0.4222816511 0.4644938825 0.4783564226 0.4629645807 0.4191995994 0.3497128278 0.2588875802 0.1532119071
 0.2650196382 0.3545718552 0.422562394 0.4648103992 0.4786910168 0.4632964914 0.4195042573 0.3499589916 0.2590271006 0.1531324128
 0.265298367 0.354954144 0.4230307817 0.4653426318 0.4792605176 0.4638725754 0.4200515638 0.3504345347 0.2593688381 0.1532035397
 0.2656880212 0.3554894515 0.4236882716 0.4660925303 0.4800674734 0.4646961406 0.4208458626 0.3511453842 0.2599215814 0.1534406578
 0.2661890922 0.3561785739 0.4245360368 0.4670617434 0.4811141421 0.4657702451 0.4218913165 0.3520973757 0.2606941299 0.1538595679
 0.2668018486 0.3570220077 0.4255748921 0.4682515255 0.482402377 0.4670975578 0.4231917322 0.3532960116 0.2616949169 0.1544757749
 0.267526295 0.3580198896 0.426805215 0.4696626381 0.4839335074 0.4686802142 0.424750382 0.3547462335 0.2629316799 0.1553038368
 0.2683621296 0.3591719355 0.4282268648 0.4712952488 0.4857082159 0.4705196703 0.4265698326 0.3564522159 0.2644111937 0.1563568445
 0.2693087016 0.3604773778 0.4298391009 0.47314883 0.4877264169 0.4726165602 0.4286517813 0.3584171865 0.2661390742 0.1576460733
 0.2703649693 0.3619349056 0.4316405038 0.4752220603 0.4899871385 0.4749705596 0.4309969059 0.3606432727 0.2681196487 0.159180816
 0.2715294613 0.3635426072 0.4336288995 0.4775127307 0.4924884111 0.4775802586 0.4336047264 0.3631313728 0.2703558777 0.1609683785
 0.2728002395 0.3652979175 0.4358012905 0.4800176595 0.4952271657 0.4804430445 0.4364734812 0.3658810434 0.2728493064 0.1630141818
 0.2741748679 0.3671975717 0.4381537945 0.4827326157 0.4981991426 0.4835549987 0.4396000156 0.3688903975 0.2756000194 0.1653218959
 0.2756503853 0.3692375658 0.4406815932 0.4856522547 0.501398815 0.4869108075 0.442979684 0.3721560075 0.278606576 0.1678935227
 0.2772232844 0.3714131264 0.4433788911 0.488770068 0.5048193269 0.4905036885 0.4466062642 0.3756728083 0.2818659089 0.1707293613
 0.2788894973 0.3737186891 0.4462388876 0.4920783464 0.5084524483 0.4943253357 0.4504718873 0.3794340013 0.2853731819 0.1738278185
 0.2806443879 0.3761478872 0.4492537608 0.4955681597 0.5122885486 0.4983658828 0.454566984 0.383430964 0.2891216144 0.1771850722
 0.2824827516 0.3786935505 0.452414666 0.4992293526 0.5163165886 0.502613888 0.4588802518 0.3876531738 0.2931022949 0.1807946346
 0.2843988219 0.3813477149 0.4557117468 0.5030505572 0.5205241323 0.5070563413 0.463398647 0.3920881559 0.2973040118 0.1846468983
 0.2863862848 0.3841016422 0.4591341596 0.507019222 0.5248973787 0.5116786946 0.4681074041 0.3967214683 0.3017131373 0.1887287659
 0.2884382996 0.3869458495 0.4626701121 0.5111216573 0.5294212129 0.5164649165 0.472990088 0.4015367337 0.3063135959 0.1930234567
 0.2905475265 0.3898701488 0.4663069131 0.5153430952 0.5340792758 0.5213975702 0.4780286779 0.4065157247 0.3110869386 0.1975105649
 0.2927061604 0.3928636947 0.4700310342 0.5196677645 0.5388540515 0.526457914 0.4832036837 0.4116385044 0.3160125344 0.2021663996
 0.2949059707 0.3959150406 0.4738281815 0.5240789775 0.5437269694 0.5316260212 0.4884942908 0.4168836188 0.3210678703 0.2069645935
 0.2971383446 0.399012201 0.4776833763 0.5285592281 0.5486785202 0.5368809169 0.4938785293 0.4222283284 0.3262289382 0.2118769191
 0.2993943365 0.402142721 0.4815810431 0.5330902989 0.5536883822 0.5422007278 0.4993334595 0.4276488679 0.3314706722 0.2168742176
 0.3016647191 0.405293749 0.485505104 0.5376533748 0.5587355555 0.5475628398 0.504835366 0.4331207135 0.3367673951 0.2219273235
 0.3039400384 0.4084521144 0.4894390772 0.5422291624 0.5637985009 0.5529440599 0.5103599531 0.4386188426 0.3420932305 0.2270078724
 0.3062106701 0.4116044076 0.4933661791 0.546798012 0.5688552819 0.5583207788 0.5158825335 0.4441179698 0.3474224425 0.2320888946
 0.3084668777 0.4147370613 0.4972694275 0.5513400419 0.5738837069 0.5636691298 0.5213782057 0.4495927481 0.3527296804 0.2371451348
 0.3106988709 0.4178364333 0.5011317465 0.5558352618 0.5788614696 0.568965143 0.5268220165 0.4550179313 0.3579901173 0.2421530825
 0.3128968642 0.4208888884 0.5049360702 0.5602636957 0.5837662871 0.5741848927 0.5321891085 0.460368498 0.3631794902 0.2470907406
 0.3150511355 0.4238808801 0.5086654452 0.5646055029 0.5885760343 0.5793046386 0.5374548527 0.4656197447 0.3682740656 0.2519372029
 0.3171520825 0.426799031 0.5123031312 0.568841095 0.5932688737 0.5843009597 0.5425949723 0.4707473583 0.3732505616 0.2566721373
 0.3191902797 0.4296302103 0.5158326987 0.5729512506 0.597823381 0.5891508841 0.5475856585 0.4757274832 0.3780860669 0.261275283
 0.3211565317 0.4323616095 0.5192381238 0.5769172254 0.602218667 0.5938320133 0.5524036856 0.4805367939 0.3827579927 0.265726064
 0.3230419256 0.4349808155 0.5225038786 0.5807208578 0.6064344935 0.5983226446 0.557026527 0.4851525853 0.3872440873 0.2700033989
 0.3248378811 0.4374758791 0.5256150182 0.5843446706 0.6104513863 0.6026018893 0.5614324761 0.4895528863 0.3915225303 0.2740857523
 0.3265361976 0.4398353818 0.5285572628 0.5877719663 0.6142507416 0.6066497891 0.5656007692 0.4937165983 0.3955721095 0.2779514283
 0.3281290986 0.4420484969 0.5313170751 0.5909869185 0.6178149282 0.6104474277 0.5695117133 0.4976236531 0.3993724666 0.2815790705
 0.3296092738 0.4441050481 0.5338817326 0.5939746562 0.6211273831 0.6139770381 0.5731468099 0.5012551815 0.4029043858 0.284948294
 0.3309699175 0.4459955627 0.536239395 0.5967213425 0.6241726999 0.6172221025 0.5764888756 0.5045936802 0.4061500924 0.2880403535
 0.3322047641 0.4477113211 0.538379165 0.5992142463 0.6269367104 0.6201674438 0.5795221497 0.5076231636 0.4090935228 0.2908387482
 0.3333081205 0.4492444017 0.5402911444 0.6014418077 0.6294065572 0.6227993057 0.5822323887 0.5103292875 0.4117205343 0.2933296698
 0.3342748951 0.4505877204 0.5419664839 0.6033936952 0.6315707576 0.6251054227 0.5846069401 0.5126994368 0.4140190279 0.2955022293
 0.3351006233 0.4517350666 0.5433974266 0.6050608564 0.6334192586 0.6270750757 0.586634798 0.5147227726 0.4159789755 0.2973484313
 0.3357814897 0.4526811336 0.5445773461 0.6064355612 0.634943483 0.6286991374 0.5883066379 0.5163902394 0.4175923523 0.2988629057
 0.3363143473 0.4534215444 0.545500778 0.6075114377 0.6361363661 0.6299701054 0.5896148347 0.5176945393 0.4188529936 0.3000424464
 0.3366967322 0.453952873 0.5461634457 0.6082835006 0.6369923854 0.6308821253 0.5905534673 0.5186300842 0.4197564051 0.300885435
 0.3369268761 0.4542726605 0.5465622807 0.6087481738 0.6375075817 0.631431007 0.5911183149 0.5191929388 0.4202995606 0.3013912475
 0.3370037148 0.4543794271 0.5466954362 0.6089033059 0.6376795742 0.6316142333 0.59130685 0.5193807675 0.4204807262 0.3015597426
