/rn,a,b/nx0/ls1
/r,qa,qb
246 -0.49 0.49 0 OUTPUT_AMPLITUDE_3D 0 0 0 0 0 Wavelength=1
22 0 0.21
 0.04622152102 0.06173928785 0.09269194898 0.1393884235 0.207697036 0.3079191286 0.455743426 0.6746291873 0.9996635289 1.483474059 2.205230798 1.801200283 1.32618877 0.8041480057 0.2823890926 0.3511201263 0.8490360497 1.30620084 1.685050323 1.964874005 1.978899943 1.977212032
 0.04621276808 0.06170695164 0.09262971107 0.139282963 0.2075236338 0.3076360901 0.4552821782 0.6738777641 0.9984395402 1.481480685 2.201985265 1.798550899 1.324034226 0.802402819 0.2810454302 0.3518576201 0.8496968024 1.306639236 1.685238229 1.964748787 1.978513894 1.977162359
 0.04618642085 0.06161032057 0.09244392945 0.1389682792 0.2070062992 0.3067917194 0.4539062071 0.6716361756 0.9947882272 1.475534158 2.192303265 1.790647393 1.317606883 0.7971963142 0.2770382302 0.3540667861 0.8516696491 1.307950288 1.685807974 1.964400515 1.977423317 1.977029758
 0.04614241076 0.06145050361 0.09213722746 0.138449127 0.2061530606 0.3053992533 0.4516371411 0.6679396295 0.988766795 1.465727319 2.17633534 1.777612896 1.307006627 0.7886079421 0.2704319642 0.3577392732 0.8549290697 1.310122446 1.68677439 1.963899248 1.97580969 1.976842444
 0.04608062501 0.0612293311 0.09171393392 0.137733351 0.2049771619 0.3034805274 0.4485106622 0.6628462164 0.9804696405 1.452213388 2.154329973 1.759650642 1.292398356 0.7767689351 0.2613336393 0.3628580022 0.8594323224 1.313135182 1.688157819 1.963349115 1.973943627 1.976642213
 0.04600090858 0.06094932856 0.09118001927 0.136831767 0.2034968606 0.3010656444 0.4445759678 0.6564360427 0.9700269593 1.435203731 2.126630012 1.73704105 1.274009658 0.761860561 0.2498922198 0.3693930202 0.8651192247 1.316957363 1.689978369 1.962871724 1.972142513 1.976477759
 0.04590306713 0.06061368035 0.09054300734 0.1357579983 0.2017351491 0.2981925151 0.439895025 0.6488100294 0.9576028178 1.414964773 2.09366773 1.71013768 1.252127594 0.7441117022 0.2362979903 0.377296735 0.8719119846 1.321545397 1.69224922 1.962586863 1.970720718 1.976396813
 0.04578687059 0.06022618405 0.08981186407 0.1345282688 0.1997194022 0.2949062768 0.4345416273 0.6400883906 0.9433927094 1.391814081 2.055958558 1.679362108 1.227094609 0.7237957849 0.2207821079 0.3864993274 0.8797152105 1.326841536 1.694970036 1.962593475 1.969940104 1.97643833
 0.04565205755 0.05979119607 0.08899686452 0.1331611557 0.1974809543 0.2912585969 0.4286002623 0.630408808 0.9276206208 1.366115662 2.01409357 1.645197765 1.199303624 0.7012270909 0.2036168004 0.396905084 0.8884162348 1.332772681 1.698121537 1.962953764 1.969968483 1.976625929
 0.04549834022 0.05931356925 0.08810944006 0.131677305 0.1950546136 0.2873068698 0.4221648052 0.6199243196 0.9105356382 1.338274523 1.968730773 1.608182809 1.169192337 0.6767564905 0.1851170596 0.4083902158 0.8978858869 1.339250015 1.701662109 1.963682708 1.970852491 1.976963601
 0.04532541003 0.05879858353 0.08716200781 0.1300991132 0.1924781176 0.283113316 0.415337051 0.6088009475 0.8924081277 1.308730544 1.920585303 1.568902081 1.137236791 0.6507666408 0.1656454231 0.420802477 0.9079798229 1.346169699 1.705527045 1.964744464 1.972509088 1.977434364
 0.04513294375 0.05825187054 0.08616778468 0.1284503801 0.1897915373 0.2787439961 0.4082251046 0.5972150891 0.8735255292 1.277951713 1.870418594 1.527978224 1.103944248 0.6236666913 0.1456229099 0.4339626355 0.9185404776 1.35341472 1.709630664 1.966056188 1.974737075 1.978002087
 0.04492061001 0.05767933323 0.08514058836 0.1267559365 0.1870366397 0.2742677512 0.4009416478 0.5853507023 0.8541878063 1.246426807 1.819026624 1.486062027 1.069845424 0.5958865312 0.1255521097 0.4476676168 0.9293996391 1.36085785 1.713871128 1.967498818 1.977246914 1.978616225
 0.04468807618 0.05708706175 0.08409462836 0.1250412536 0.184256216 0.2697550862 0.3936021062 0.5733963199 0.8347026042 1.214657561 1.767227321 1.443822075 1.035486122 0.5678705944 0.1060639966 0.4616949865 0.9403815798 1.368365518 1.71813741 1.968933378 1.979704328 1.979218756
 0.04443501559 0.05648124661 0.08304428964 0.1233320386 0.181493387 0.265277012 0.3863227445 0.5615419333 0.8153801741 1.18315044 1.715847245 1.401933804 1.001418323 0.5400712087 0.08800809423 0.4758083584 0.951306604 1.375802252 1.72231754 1.970220518 1.981781007 1.979752279
 0.04416111475 0.05586809039 0.08200391233 0.1216538237 0.1787908973 0.2609038668 0.3792187191 0.5499757944 0.7965281372 1.152408081 1.66570768 1.361068055 0.9681907934 0.5129414379 0.07260069692 0.489763301 0.9619948219 1.383035276 1.726307009 1.971240422 1.983204603 1.980168032
 0.04386608076 0.05525371933 0.08098757053 0.1200315549 0.1761904102 0.2567041374 0.3724021265 0.5388811937 0.7784461767 1.122920573 1.617610315 1.321879291 0.9363393044 0.4869273273 0.06153634236 0.5033133589 0.9722699266 1.389938795 1.730016188 1.971909994 1.983800284 1.98043263
 0.04354964857 0.0546440956 0.08000885383 0.1184891889 0.1737318181 0.2527433067 0.3659800879 0.528433283 0.7614207684 1.095156714 1.572322759 1.284993695 0.9063766074 0.4624594491 0.0565671408 0.5162158741 0.9819627543 1.396397543 1.733375702 1.972194554 1.983517351 1.980532468
 0.04321158817 0.05404493192 0.07908065494 0.1170493048 0.1714525838 0.2490827529 0.3600529164 0.518796022 0.7457200826 1.06955548 1.530564239 1.250997416 0.8787824026 0.4399436892 0.05806333793 0.5282373755 0.9909144382 1.402309276 1.736339027 1.972112105 1.98243673 1.980475138
 0.04285171141 0.05346160923 0.07821496714 0.1157327393 0.1693871253 0.2457787275 0.3547124165 0.5101193354 0.7315892106 1.046517973 1.492991936 1.220425373 0.8539936361 0.4197513628 0.06424625553 0.5391583908 0.9989790303 1.407586035 1.738881995 1.971729425 1.980758077 1.98028762
 0.04246987855 0.05289909883 0.07742269514 0.1145582527 0.1675662619 0.2428814402 0.350040365 0.5025365741 0.7192458855 1.026400144 1.460188516 1.193751085 0.832395587 0.4022090451 0.07261447206 0.5487776106 1.006025537 1.412154208 1.740999375 1.971150628 1.978768407 1.98001153
 0.0420660043 0.05236188983 0.07671348279 0.1135422331 0.1660167325 0.2404342746 0.34610722 0.4961623647 0.7088768633 1.009506633 1.432651493 1.171378041 0.8143142943 0.3875889257 0.08126128804 0.5569153991 1.011939397 1.415953581 1.742699174 1.970500057 1.976797031 1.979696155
 0.04164006329 0.05185392314 0.07609556118 0.1126984452 0.1647607988 0.238473155 0.3429710943 0.4910909231 0.7006351106 0.9960860097 1.410785044 1.153633135 0.8000108949 0.3761009463 0.0890020338 0.5634166949 1.0166235 1.418935727 1.743995633 1.969902263 1.975163741 1.979390342
 0.04119209494 0.05137853286 0.07557561991 0.1120378285 0.1638159395 0.2370260758 0.3406770175 0.4873948758 0.6946378971 0.9863276403 1.394894753 1.140762557 0.789678337 0.367888208 0.09512286632 0.5681533749 1.019998885 1.421062165 1.744902098 1.969462174 1.974128251 1.979134486
 0.0407222076 0.05093839609 0.07515870417 0.1115683477 0.1631946403 0.2361127993 0.339256492 0.4851246033 0.6909658241 0.9803602517 1.385185505 1.132930291 0.7834406933 0.3630268773 0.09918390106 0.5710261677 1.022005286 1.422302738 1.745424939 1.969248442 1.97384878 1.978953881
 0.04023058188 0.05053549194 0.07484813956 0.1112948981 0.1629042773 0.2357447147 0.3387273302 0.4843080789 0.6896627375 0.9782521172 1.381762409 1.130219099 0.7813549415 0.3615309315 0.1009109397 0.5719661991 1.022601665 1.422634613 1.745559515 1.969282368 1.974356242 1.978854444
 0.03971747325 0.0501710707 0.07464548584 0.1112192626 0.1629470905 0.2359248459 0.3390937429 0.4849511378 0.6907364009 0.9800126039 1.384634228 1.132633543 0.7834147006 0.36336079 0.1001398084 0.5709362312 1.021766846 1.422042171 1.745288857 1.969534018 1.975548179 1.978821512
 0.03918321363 0.04984563367 0.07455052013 0.1113401209 0.1633202369 0.236647988 0.3403466355 0.4870380912 0.6941597436 0.9855947059 1.39371854 1.140104368 0.7895551296 0.3684337253 0.09678733065 0.5679316321 1.019500282 1.420517891 1.744585352 1.969926107 1.977203544 1.978821921
 0.03862821227 0.04955892437 0.07456124909 0.1116531049 0.1640159147 0.2379009494 0.3424640655 0.4905325854 0.6998724836 0.9948981396 1.40884772 1.15249349 0.7996580957 0.3766335067 0.0908354401 0.5629810744 1.015822918 1.418064159 1.743415218 1.970345235 1.979016204 1.978809066
 0.03805295554 0.04930993138 0.07467394937 0.112150897 0.1650215473 0.239662878 0.3454118163 0.495378617 0.7077829399 1.007772619 1.429774938 1.169598923 0.8135568532 0.3878172383 0.08232182813 0.5561469321 1.010778043 1.414695733 1.741745146 1.970658975 1.980642158 1.978730191
 0.03745800601 0.0490969031 0.07488323451 0.112823366 0.166320017 0.2419056524 0.3491440523 0.5015016348 0.7177699015 1.024021045 1.45617964 1.191159204 0.831039775 0.4018185186 0.07133389241 0.5475253138 1.004431964 1.410442453 1.739550102 1.970736436 1.98175327 1.978534808
 0.03684400057 0.04891737438 0.0751821464 0.1136577359 0.1678899418 0.2445943267 0.3536040343 0.508809695 0.7296844895 1.043402497 1.487672302 1.216857173 0.851853057 0.4184473097 0.05800450742 0.5372456544 0.996874291 1.405351707 1.736821063 1.970469224 1.982089226 1.978182946
 0.03621164771 0.04876820462 0.07556226898 0.1146387849 0.1697059898 0.247687622 0.3587248889 0.517194662 0.743352017 1.065635065 1.523798613 1.246323243 0.8757026432 0.4374877601 0.04250966788 0.5254697782 0.9882176365 1.399490155 1.733571414 1.969789525 1.981499611 1.977651954
 0.03556172406 0.04864562703 0.07601386185 0.1157490703 0.1717392289 0.2511384653 0.3644304375 0.5265334777 0.7585739072 1.090398673 1.564043456 1.279138493 0.9022558265 0.4586954948 0.02507434969 0.5123903544 0.9785965611 1.392944279 1.729840887 1.968682304 1.979969431 1.976940786
 0.03489507025 0.04854530817 0.07652601117 0.116969177 0.1739575105 0.2548945781 0.370636099 0.5366895364 0.7751297576 1.117338107 1.607835156 1.314837983 0.9311430359 0.481795658 0.006173522976 0.4982286739 0.968165663 1.385819493 1.725696295 1.967189514 1.977623906 1.97607107
 0.03421258608 0.0484624167 0.07708679561 0.1182779892 0.1763258886 0.2588991215 0.3772498814 0.5475142038 0.7927796431 1.146066446 1.654550449 1.352914674 0.9619602541 0.5064825186 0.01502024526 0.4832316977 0.9570967987 1.378237736 1.721228795 1.9654055 1.97471153 1.975084752
 0.0335152252 0.04839170044 0.07768346492 0.1196529812 0.1788070739 0.2630914008 0.384173478 0.5588485154 0.8112667323 1.176169053 1.703520507 1.39282424 0.9942723652 0.5324209489 0.03673947805 0.4676683346 0.9455755207 1.370333702 1.716547986 1.963464271 1.971567773 1.974038624
 0.03280398935 0.0483275701 0.07830262876 0.1210705274 0.181361922 0.2674076339 0.3913034735 0.5705250724 0.8303202616 1.207208225 1.754038179 1.433990904 1.027617567 0.5592497016 0.05937703831 0.4518249155 0.9337969024 1.362250055 1.711773622 1.961520641 1.968564836 1.972996545
 0.03207992228 0.04826418854 0.0789304536 0.122506229 0.1839499553 0.2717817796 0.3985326628 0.5823701394 0.8496588746 1.238728518 1.805366489 1.475814328 1.061512833 0.5865861805 0.08255400179 0.435999821 0.9219609924 1.354132121 1.707026107 1.959728237 1.966055111 1.972020499
 0.03134410357 0.04819556379 0.07955286529 0.1239352535 0.1865299127 0.2761464223 0.4057514713 0.5942059284 0.8689942993 1.270262679 1.856748245 1.517677443 1.095460294 0.6140323109 0.1059301097 0.420497212 0.9102681695 1.346122627 1.702417117 1.958217709 1.964317046 1.97116185
 0.03059764224 0.04811564451 0.08015575497 0.1253326854 0.189060323 0.2804337022 0.4128494617 0.6058530399 0.8880353093 1.301338092 1.907416583 1.558955052 1.128954347 0.6411811127 0.1291685626 0.4056198112 0.8989146698 1.338357024 1.698041625 1.957078378 1.963511845 1.970454138
 0.02984167068 0.04801841622 0.08072518587 0.1266738818 0.1915000953 0.2845762803 0.419716905 0.6171330199 0.9064918948 1.3314836 1.956606149 1.599022987 1.161489259 0.6676236304 0.1519370105 0.391660722 0.8880885141 1.330959837 1.693972398 1.956345911 1.963657846 1.969908523
 0.02907733862 0.04789799689 0.08124759844 0.1279348309 0.1938091162 0.2885083204 0.4262463867 0.6278709854 0.9240795543 1.360236534 2.003564654 1.637267561 1.192567026 0.6929559395 0.1739117812 0.3788943841 0.877966 1.32404232 1.69025765 1.955997783 1.964626784 1.969512609
 0.02830580766 0.04774873029 0.08171001138 0.1290925064 0.1959488461 0.2921664734 0.4323344215 0.6378982655 0.9405236177 1.387149798 2.047564504 1.673095104 1.221705279 0.7167860125 0.1947825455 0.367566981 0.8687088384 1.31770149 1.686922071 1.955957195 1.966162785 1.969232861
 0.0275282463 0.04756527601 0.08210021569 0.1301252132 0.1978829039 0.2954908458 0.4378830425 0.6470550048 0.9555635083 1.411798849 2.087914242 1.705941334 1.248445037 0.7387402857 0.2142568758 0.3578869312 0.8604619354 1.312020422 1.683970986 1.956105069 1.967921495 1.96902029
 0.02674582575 0.04734269455 0.08240695954 0.1310129197 0.1995776311 0.2984259347 0.4428013389 0.6551926805 0.9689568581 1.433788426 2.123969547 1.73528038 1.272358123 0.7584698071 0.2320645349 0.3500164449 0.8533517559 1.307069506 1.681396923 1.956298602 1.969523548 1.96881856
 0.02595971666 0.04707652666 0.08262012103 0.1317375706 0.2010026243 0.300921513 0.44700691 0.6621764824 0.9804833962 1.452758896 2.155143593 1.760633267 1.29305413 0.7756558831 0.2479614339 0.3440653866 0.8474851613 1.302908238 1.679187526 1.956393852 1.970614312 1.968573297
 0.02517108698 0.04676286555 0.08273086684 0.1322833757 0.2021312286 0.3029334493 0.4504272129 0.6678875156 0.9899485412 1.468392106 2.18091657 1.781575723 1.310186786 0.7900151625 0.2617332393 0.3400886621 0.8429486063 1.299587085 1.677333528 1.956269054 1.9709207 1.968241181
 0.02438110117 0.04639842134 0.08273179425 0.1326370701 0.2029409831 0.3044244481 0.4530007782 0.6722247864 0.9971866355 1.48041664 2.200844211 1.797745176 1.32345965 0.801304111 0.2731986274 0.3380879339 0.8398075904 1.297148945 1.675835455 1.955845005 1.970296147 1.967797392
 0.02359092092 0.04598057683 0.0826170547 0.1327881416 0.2034140102 0.3053646986 0.4546782752 0.6751069409 1.002063771 1.4886124 2.214565216 1.808846835 1.332631046 0.8093228443 0.2822121928 0.3380176965 0.8381062951 1.295629861 1.674707918 1.955099133 1.968746506 1.967240239
 0.02280170774 0.04550743393 0.08238245707 0.1327290217 0.2035373446 0.3057324218 0.4554234104 0.6764737281 1.004480165 1.492814454 2.221807455 1.814658785 1.337518189 0.8139182928 0.2886670184 0.339794821 0.8378673726 1.295058772 1.673980717 1.954070768 1.966432444 1.966592187
 0.02201462757 0.04497785037 0.08202554924 0.1324552374 0.2033031947 0.305514307 0.4552136443 0.6762871691 1.004372055 1.492916094 2.222392888 1.815036029 1.338000445 0.8149866737 0.2924969137 0.3433099463 0.8390918894 1.295456264 1.673696508 1.952856559 1.963647537 1.965897066
 0.02123085784 0.04439146627 0.08154567673 0.1319655211 0.2027091336 0.3047058317 0.4540407192 0.6745324174 1.00171309 1.488871071 2.216241149 1.809913442 1.334021714 0.8124752573 0.2936783218 0.3484387961 0.8417594437 1.296832503 1.673905321 1.95159666 1.960774975 1.965213803
 0.02045159725 0.0437487203 0.08094401766 0.1312618773 0.2017582163 0.3033114611 0.4519109893 0.6712182995 0.9965152076 1.480695006 2.203371781 1.799307612 1.32559192 0.8063834119 0.2922318997 0.3550517095 0.8458284822 1.299184618 1.674656752 1.95045384 1.95822926 1.964607586
 0.01967807869 0.04305085564 0.08022359325 0.1303496043 0.2004590218 0.3013447231 0.4488455519 0.6663775343 0.9888289893 1.46846595 2.183905112 1.783317583 1.312787595 0.7967629268 0.2882237824 0.3630202469 0.8512368385 1.302493973 1.675990996 1.949588783 1.956391663 1.964139765
 0.01891158588 0.04229991544 0.07938925387 0.1292372707 0.1988256182 0.2988281588 0.444880176 0.6600666299 0.9787435056 1.452324135 2.158061806 1.762124511 1.295751602 0.7837176189 0.2817665637 0.3722204472 0.8579025034 1.306723738 1.677930064 1.949135324 1.95554941 1.963858021
 0.01815347403 0.04149872842 0.07844764026 0.1279366466 0.196877451 0.2957931483 0.4400650328 0.6523654641 0.966385653 1.432470907 2.126161138 1.735990269 1.274692009 0.7674022484 0.2730200671 0.3825329661 0.8657246392 1.311817196 1.680470507 1.949179227 1.955848101 1.96378833
 0.01740519543 0.04065088452 0.07740712034 0.1264625888 0.1946391554 0.2922796128 0.4344642291 0.6433765536 0.9519190066 1.409166909 2.088618059 1.705255074 1.24988018 0.748020787 0.2621920347 0.3938407815 0.8745848501 1.317697097 1.683578731 1.949743511 1.957265064 1.963929996
 0.01666833037 0.03976070139 0.07627770164 0.124832881 0.1921402925 0.2883355942 0.4281551474 0.6332240235 0.9355422043 1.382729533 2.045939141 1.670334183 1.221648146 0.725824111 0.2495389465 0.4060254039 0.8843487362 1.324266309 1.687189675 1.9507824 1.9596082 1.964254592
 0.01594462414 0.03883318181 0.07507091978 0.1230680297 0.1894150102 0.2840167151 0.4212275975 0.6220522829 0.9174868842 1.353529691 1.998717494 1.63171375 1.190385327 0.7011072178 0.2353672697 0.4189625668 0.8948677636 1.331409838 1.691209208 1.952184943 1.96254112 1.964709056
 0.01523603083 0.03787396282 0.07379970322 0.1211910151 0.1865016306 0.2793855182 0.4137827807 0.6100244148 0.8980151898 1.321987953 1.947626745 1.589945911 1.156534704 0.6742061015 0.2200355135 0.4325182688 0.9059814776 1.338998167 1.695520106 1.953788171 1.965631278 1.965222592
 0.01454476412 0.03688925672 0.07247821456 0.1192269987 0.1834421621 0.2745106876 0.4059320679 0.5973202807 0.8774168511 1.288570066 1.893414165 1.545643154 1.120588496 0.6454944529 0.203957436 0.4465458214 0.9175200631 1.346891677 1.699991013 1.955398416 1.96841425 1.965716393
 0.01387335518 0.03588578444 0.07112166837 0.117202986 0.1802817383 0.2694661484 0.3977955871 0.5841343345 0.8560058342 1.253781859 1.836892954 1.499471993 1.08308341 0.6153803767 0.187606415 0.4608843001 0.9293072113 1.354945801 1.704487334 1.956818176 1.970464626 1.966114787
 0.01322471656 0.03487070138 0.06974612559 0.1151474463 0.1770679813 0.2643300444 0.3895006149 0.57067313 0.8341165328 1.218163496 1.778933669 1.452145919 1.044595456 0.5843033346 0.1715198864 0.4753585269 0.941163196 1.363016407 1.708882658 1.957874781 1.971462678 1.966356143
 0.01260220964 0.03385151563 0.06836826443 0.1130898885 0.17385029 0.2591835893 0.3811797612 0.5571524996 0.8120994512 1.182282987 1.720454648 1.404417498 1.00573425 0.5527315048 0.1562999968 0.4897804889 0.9529080129 1.370964863 1.713069129 1.958446507 1.971246357 1.966401871
 0.01200971055 0.03283599831 0.06700512786 0.1110603938 0.1706790545 0.2541097896 0.3729689356 0.5437943695 0.7903163036 1.146728794 1.662411141 1.357069379 0.9671366061 0.5211596754 0.1426010927 0.503951932 0.9643643987 1.378662241 1.716965259 1.958481777 1.969840078 1.966242099
 0.01145166575 0.0318320855 0.06567384841 0.1090891087 0.1676047977 0.249192039 0.3650050861 0.5308231777 0.7691344368 1.112101338 1.605782741 1.31090386 0.9294590538 0.4901076201 0.1310867369 0.5176677837 0.9753605444 1.385992209 1.720519981 1.958008043 1.967455162 1.965897093
 0.01093312301 0.03084777082 0.06439135168 0.1072057013 0.1646772525 0.2445125917 0.3574237105 0.5184618678 0.7489204806 1.079003139 1.551558502 1.26673052 0.8933687439 0.4601185628 0.1223356751 0.5307200409 0.9857323523 1.392852341 1.723712309 1.957128533 1.964461023 1.965414098
 0.01045971745 0.02989098795 0.06317404181 0.1054387891 0.161944386 0.2401509318 0.3503561553 0.5069274581 0.7300331607 1.048027351 1.500719111 1.225351375 0.8595320542 0.4317567601 0.1166960345 0.5429018045 0.9953251501 1.399153788 1.726546607 1.95600713 1.961330747 1.964859976
 0.01003758587 0.02896948216 0.06203747417 0.1038153511 0.1594513933 0.2361820696 0.3439267483 0.4964262311 0.7128152851 1.019744558 1.454215506 1.18754311 0.8286001595 0.4056023714 0.1141416618 0.5540112212 1.003994866 1.404819521 1.729044203 1.954843642 1.958568788 1.964310671
 0.009673179856 0.02809067063 0.06099602334 0.1023601407 0.1572396895 0.232674819 0.3382498446 0.4871486637 0.6975850452 0.9946879129 1.412943736 1.154036219 0.8011910381 0.3822407496 0.1142287168 0.5638551914 1.011608766 1.409781552 1.731232624 1.953843234 1.956631557 1.963839026
 0.009372954086 0.02726149229 0.06006255751 0.1010951213 0.1553459427 0.2296901256 0.3334269122 0.4792643048 0.6846269659 0.9733370959 1.377716527 1.125491515 0.7778679671 0.3622425654 0.1162015175 0.5722527935 1.018045933 1.413977746 1.733134085 1.953184575 1.955853042 1.963502793
 0.009142925931 0.02648824942 0.0592481332 0.1000389529 0.1538011945 0.2272795353 0.3295438199 0.4729169053 0.674183049 0.9561020421 1.349233129 1.102475361 0.7591155856 0.3461318194 0.1191820482 0.5790384497 1.02319774 1.417348901 1.734755043 1.952991222 1.956387211 1.963334669
 0.008988139258 0.0257764454 0.05856172662 0.09920655617 0.152630122 0.2254839026 0.3266685213 0.4682201752 0.6664448531 0.9433078883 1.328050226 1.085435975 0.745315942 0.3343421919 0.1223348343 0.5840649051 1.026968558 1.419836763 1.736078463 1.953310177 1.958176671 1.963335948
 0.008912111429 0.02513062556 0.05801001799 0.09860878337 0.1518504898 0.2243324341 0.324849325 0.4652545639 0.6615473388 0.9351829098 1.314557691 1.074683946 0.7367281406 0.3271687702 0.1249561913 0.5872061015 1.029276946 1.421383554 1.737060153 1.954100625 1.960953322 1.963474889
 0.008916378298 0.02455423043 0.05759724402 0.09825221671 0.1514728308 0.2238421429 0.3241139102 0.4640654053 0.6595652404 0.9318511653 1.308963161 1.070380206 0.7334756214 0.3247293658 0.1265003646 0.5883600112 1.030057447 1.421933379 1.737630036 1.955234765 1.964272045 1.963690171
 0.009000252297 0.02404947279 0.05732512945 0.09813910801 0.1515003767 0.2240177533 0.3244691739 0.4646626321 0.6605124536 0.9333310573 1.311288446 1.072533827 0.7355441841 0.3269515016 0.1265740006 0.5874514521 1.029263038 1.421435579 1.737698583 1.956511402 1.967573448 1.963899116
 0.009160860995 0.02361725021 0.0571929027 0.0982674604 0.1519292374 0.2248520535 0.3259019083 0.4670220686 0.6643445074 0.9395400796 1.321378709 1.08101029 0.7427916318 0.333593182 0.124922187 0.5844348472 1.02686811 1.419849806 1.737167895 1.957681479 1.970267142 1.964009568
 0.009393453889 0.02325710379 0.05719739336 0.09863124103 0.1527488016 0.2263266431 0.3283802046 0.4710881009 0.6709637203 0.9503049461 1.338922762 1.095548718 0.7549671163 0.3442910683 0.1214180187 0.579296831 1.022871728 1.417152248 1.735946179 1.958482983 1.971823537 1.963933768
 0.009691891675 0.02296723005 0.05733320224 0.09922070245 0.1539423168 0.2284129884 0.3318554047 0.4767773535 0.6802262545 0.965375398 1.363480679 1.115784857 0.7717360745 0.3586186603 0.1160615648 0.5720585575 1.017300797 1.413342171 1.733963661 1.958680854 1.971860346 1.963602201
 0.01004919861 0.02274454839 0.0575929288 0.1000227832 0.1554875915 0.2310736742 0.3362643796 0.4839829124 0.6919500929 0.984439558 1.39451395 1.141275869 0.79270591 0.3761365867 0.1089932217 0.562777539 1.010212692 1.408447768 1.731187562 1.958106036 1.97021017 1.962975315
 0.01045807169 0.02258481987 0.05796743748 0.1010215551 0.1573577593 0.2342637405 0.3415319105 0.4925786424 0.7059229923 1.007138815 1.431413769 1.171523352 0.8174483703 0.396424981 0.1005295801 0.5515488484 1.001696908 1.402530311 1.727633641 1.95668722 1.966957802 1.96205128
 0.01091128183 0.02248280821 0.05844614391 0.1021986879 0.159522055 0.2379320068 0.3475729884 0.5024232339 0.7219096874 1.033080766 1.473524434 1.205992216 0.8455162937 0.4190970813 0.09123625826 0.5385055579 0.9918753655 1.395685753 1.723372161 1.95446944 1.962440012 1.960868461
 0.01140194694 0.02243246953 0.05901730375 0.1035339051 0.161946561 0.2420223145 0.3542949063 0.5133637504 0.7396579234 1.061849459 1.520160604 1.244124427 0.8764542278 0.443798775 0.08205567712 0.5238183535 0.9809011246 1.38804324 1.718526914 1.951615654 1.957206014 1.959502026
 0.0119236884 0.0224271558 0.05966829092 0.1050054156 0.1645948983 0.2464746485 0.3615990833 0.5252385886 0.7589032112 1.09301288 1.570618629 1.285347916 0.9098037774 0.4702002536 0.07447359712 0.5076943529 0.9689554913 1.379760456 1.713266951 1.948390244 1.951942806 1.958054978
 0.01247069757 0.02245981776 0.06038585655 0.1065903119 0.1674288548 0.2512261289 0.3693826211 0.537879881 0.7793724338 1.126128094 1.624183185 1.329081662 0.9451052314 0.4979849326 0.07053097803 0.4903752439 0.9562436702 1.371016183 1.707791856 1.945126525 1.947375213 1.956644709
 0.0130377412 0.02252319583 0.06115636455 0.1082649324 0.1704089503 0.2562118847 0.3775396312 0.5511154525 0.8007865864 1.160744734 1.680130826 1.374738323 0.981897135 0.526839021 0.07219553438 0.472134927 0.9429893454 1.362000903 1.702312393 1.942182884 1.944154825 1.955386901
 0.01362013048 0.02260999104 0.06196600359 0.110005192 0.1734949509 0.261365839 0.3859623985 0.5647704773 0.8228629786 1.196407566 1.737732072 1.421725721 1.019715235 0.5564435147 0.08013770898 0.4532768719 0.929428706 1.35290661 1.697029079 1.939893653 1.942754387 1.954379037
 0.01421367192 0.02271301221 0.06280097795 0.1117868875 0.1766463466 0.2666214342 0.3945424507 0.5786689856 0.8453172169 1.232658779 1.796253317 1.469448244 1.058091831 0.586469245 0.09339913247 0.4341313379 0.9158045115 1.343917154 1.692111557 1.938521071 1.943384108 1.953685925
 0.01481461188 0.02282529878 0.06364768101 0.1135859848 0.1798228073 0.2719123318 0.4031715973 0.5926353513 0.8678652227 1.269040502 1.854959505 1.517308912 1.096556171 0.6165749202 0.1103693724 0.4150524551 0.9023607689 1.335200425 1.687681579 1.938214011 1.945943749 1.95332942
 0.0154195822 0.02294022118 0.06449285575 0.1153788954 0.1829846296 0.2771731095 0.4117429874 0.6064958523 0.8902254627 1.305097866 1.913118095 1.564712538 1.134636177 0.6464077449 0.1296145239 0.3964148809 0.8893384812 1.326903491 1.683802058 1.938978237 1.950019646 1.953283996
 0.01602555047 0.02305156211 0.06532374605 0.1171427475 0.1860931853 0.282339974 0.4201522183 0.6200803644 0.9121214939 1.340382761 1.970004555 1.611070155 1.171861545 0.6756060668 0.1500587975 0.3786093558 0.8769727334 1.319151438 1.6804741 1.940662172 1.954929633 1.95347902
 0.01662977681 0.02315358234 0.06612824139 0.1188556539 0.1891113737 0.2873514961 0.4282985066 0.6332242077 0.9332848514 1.374458336 2.024909345 1.655804682 1.207768113 0.7038035058 0.1709022938 0.3620360464 0.8654911424 1.312050219 1.677643153 1.942961626 1.959812061 1.953807614
 0.01722977735 0.02324107481 0.06689501662 0.1204969789 0.1920040796 0.2921493682 0.4360859218 0.6457701383 0.9534582548 1.406904154 2.07714624 1.69835768 1.241903269 0.7306340926 0.1915208847 0.3470942551 0.855113455 1.305693293 1.675214532 1.945446046 1.963748613 1.954141071
 0.01782329405 0.02330940973 0.0676136669 0.1220476011 0.194738632 0.2966791746 0.4434246628 0.6575704528 0.9723990697 1.437321888 2.126061693 1.738196977 1.27383218 0.7557380438 0.2113998236 0.3341672058 0.8460518829 1.300171281 1.673077429 1.947607048 1.965905249 1.954346912
 0.01840827024 0.02335457294 0.06827483691 0.1234901692 0.197285256 0.3008911625 0.4502323537 0.6684891564 0.9898829301 1.465341364 2.171044929 1.774824874 1.303144567 0.7787679089 0.2300958053 0.3236015747 0.8385116745 1.295583441 1.671135245 1.948926781 1.965672098 1.954308097
 0.01898283088 0.02337319858 0.06887034211 0.1248093461 0.1996175089 0.304740993 0.4564353235 0.6784041341 1.005707414 1.490626781 2.211538422 1.807786684 1.329461811 0.7993949121 0.2472166496 0.3156834697 0.8326914688 1.292049436 1.669338884 1.948959552 1.962782016 1.953940653
 0.01954526676 0.02336259671 0.0693932796 0.1259920338 0.2017126874 0.3081904526 0.4619698339 0.6872092589 1.019695659 1.512882885 2.24704842 1.836679295 1.352444161 0.8173153858 0.2624113661 0.3106153211 0.8287831713 1.289719801 1.66771881 1.94741615 1.957389151 1.953207088
 0.02009402181 0.02332077529 0.06983812512 0.1270275743 0.2035521951 0.3112081025 0.466783214 0.6948163675 1.031699786 1.531860903 2.277155164 1.861159514 1.371797849 0.8322572327 0.2753665741 0.3085003627 0.8269713854 1.288783778 1.666411474 1.944237931 1.950093197 1.952123505
 0.02062768287 0.02324645623 0.07020081296 0.1279079177 0.2051218561 0.3137698431 0.4708348635 0.7011570338 1.041604032 1.547364039 2.301522499 1.880951907 1.387281929 0.8439863733 0.2858071819 0.3093412541 0.8274327356 1.28947367 1.665676579 1.939648248 1.941901742 1.950759114
 0.02114497112 0.02313908405 0.07047879527 0.1286277529 0.2064121638 0.3158593722 0.4740970852 0.7061840744 1.04932746 1.559252334 2.319906541 1.895855904 1.398714657 0.8523131224 0.2935002464 0.3130559414 0.8303355836 1.292065532 1.665903226 1.934172671 1.934131482 1.949227927
 0.02164473493 0.02299882627 0.07067107768 0.1291845925 0.2074184539 0.3174685168 0.4765557128 0.7098727238 1.054826143 1.567446713 2.332163102 1.905751905 1.405979225 0.8570984128 0.2982614416 0.3195081802 0.8358405333 1.296876595 1.667605223 1.928626259 1.928258129 1.947673514
 0.02212594336 0.02282656413 0.07077822859 0.1295788094 0.2081409911 0.3185974215 0.4782105006 0.7122214215 1.058094725 1.571932027 2.338253571 1.910606155 1.409028653 0.8582597312 0.299963801 0.328545057 0.8441016617 1.304260082 1.671407742 1.924074076 1.925733232 1.946248725
 0.02258768026 0.02262387268 0.07080235995 0.1298136188 0.2085849627 0.3192545795 0.4790752505 0.7132521636 1.05916727 1.572758949 2.338248961 1.910474154 1.407889646 0.8557765816 0.2985485039 0.3400317605 0.8552676619 1.314597761 1.678028467 1.92177768 1.927792426 1.94509308
 0.02302913854 0.02239298924 0.07074707823 0.1298950048 0.2087603743 0.3194566947 0.4791776545 0.713010378 1.058117312 1.570044566 2.332331847 1.905502369 1.40266519 0.8496952278 0.2940375365 0.3538751488 0.8694812391 1.328289722 1.688255573 1.923142311 1.935282348 1.944310993
 0.02344961434 0.02213676971 0.07061740512 0.1298315891 0.2086818442 0.319228371 0.4785588404 0.7115642946 1.055057062 1.563971544 2.320795944 1.89592806 1.393535669 0.8401324204 0.2865481295 0.3700310366 0.8868744979 1.345739702 1.70292235 1.929674661 1.948531654 1.943953939
 0.02384850116 0.02185863259 0.07041966839 0.1296344443 0.2083682977 0.3186016255 0.4772726149 0.7090037957 1.050135716 1.554785773 2.304043128 1.882077023 1.38075831 0.827277771 0.2763089672 0.3884940036 0.9075580617 1.367333381 1.722874794 1.942949652 1.967285339 1.94400931
 0.02422528363 0.02156249087 0.07016136453 0.1293168521 0.207842565 0.3176152331 0.4753844088 0.705438745 1.043536858 1.542792438 2.282577722 1.864359137 1.364664738 0.811394422 0.2636782152 0.4092720222 0.9316025045 1.393407064 1.748925778 1.964570223 1.990712201 1.944397801
 0.02457953101 0.02125267272 0.06985099559 0.1288940136 0.2071308893 0.3163139102 0.4729699389 0.7009968137 1.035474971 1.528350505 2.256997987 1.843261625 1.345656521 0.7928176654 0.2491632078 0.4323509508 0.9590123317 1.424205599 1.781789414 1.996093913 2.017484792 1.944980082
 0.02491089033 0.02093383221 0.06949788402 0.1283827156 0.2062623566 0.3147473563 0.4701136105 0.6958208381 1.0261911 1.511865674 2.227984823 1.819340037 1.324198585 0.7719512014 0.2334405269 0.4576556554 0.9896948816 1.459831202 1.821993359 2.038901879 2.045921618 1.94557225
 0.02521907921 0.02061085215 0.06911196983 0.1278009629 0.2052682599 0.3129691743 0.4669066982 0.690065766 1.015947746 1.493781901 2.196287818 1.79320705 1.300810515 0.7492607939 0.2173718078 0.4850149016 1.0234285 1.500188431 1.869774589 2.094003868 2.074173646 1.945968308
 0.02550387852 0.02028874137 0.06870359567 0.1271675848 0.2041814147 0.3110356985 0.4634453499 0.6838952674 1.005023128 1.474571693 2.162708902 1.765519284 1.276055807 0.7252651831 0.202002467 0.5141360505 1.059835526 1.54493362 1.924973106 2.161802178 2.100431842 1.945966945
 0.02576512468 0.01997252975 0.06828328568 0.126501828 0.2030354449 0.3090047627 0.4598284712 0.6774781043 0.993704952 1.454725427 2.128084046 1.736962469 1.250529302 0.70052426 0.1885157696 0.5445933384 1.098365536 1.59343841 1.986944188 2.241865536 2.123129616 1.945399182
 0.02600270207 0.01966716415 0.06786152438 0.1258229461 0.2018640586 0.3069344426 0.4561555509 0.6709843707 0.9822838947 1.434740034 2.093263561 1.708235408 1.224843133 0.6756246891 0.1780997135 0.5758308431 1.138292981 1.644775869 2.054509942 2.332774262 2.141113999 1.94415325
 0.02621653533 0.0193774091 0.06744854189 0.125149797 0.2007003353 0.3048818119 0.4525244966 0.6645817213 0.9710470173 1.415107438 2.059091721 1.680033293 1.199611677 0.6511634098 0.1716987806 0.6071789122 1.178731106 1.697734353 2.125964566 2.432083767 2.153762684 1.942193342
 0.02640658186 0.01910775557 0.06705411122 0.1245004609 0.1995760429 0.3029017453 0.4490295446 0.6584317142 0.9602713339 1.396303185 2.026386502 1.653031044 1.175436092 0.6277297206 0.1697085295 0.6378813299 1.218661688 1.750859799 2.199137181 2.536421543 2.161030991 1.939569564
 0.02657282462 0.01886234101 0.06668736262 0.1238918849 0.1985210035 0.3010458029 0.445759306 0.652686382 0.9502177627 1.378775692 1.995920319 1.627867327 1.152889139 0.6058869631 0.1717888003 0.6671298757 1.256978049 1.802522898 2.271505538 2.641699602 2.16342291 1.936417529
 0.0267152653 0.018644883 0.06635661884 0.1233395658 0.1975625205 0.2993612228 0.4427950008 0.6474851318 0.9411256557 1.362936522 1.968402531 1.60512994 1.13250098 0.5861550878 0.176949564 0.6941029577 1.292537498 1.851004544 2.340346492 2.743403696 2.16189239 1.93294732
 0.02683391801 0.01845862755 0.06606925371 0.1228572725 0.1967248793 0.2978900404 0.4402089184 0.6429520497 0.9332080568 1.349151972 1.944464401 1.585343092 1.114746592 0.5689955176 0.1838552192 0.7180053673 1.324218755 1.894591485 2.402906095 2.836916102 2.157692557 1.929422945
 0.02692880366 0.01830631201 0.065831575 0.1224568136 0.1960289252 0.2966683473 0.4380631253 0.6391936526 0.9266477791 1.337736196 1.92464691 1.568956952 1.100035277 0.5547995931 0.1911477426 0.7381066729 1.350979958 1.931674011 2.456572719 2.917835284 2.152198662 1.926134599
 0.0269999451 0.01819014116 0.06564873131 0.1221478488 0.1954917222 0.2957256916 0.4364084272 0.6362970984 0.9215943214 1.32894588 1.909391547 1.556339604 1.088702505 0.5438813832 0.197655991 0.7537762198 1.37191322 1.960838301 2.499039278 2.982266341 2.146732791 1.923367049
 0.02704736306 0.01811177387 0.06552464139 0.1219377435 0.1951262881 0.2950846162 0.4352835757 0.6343288362 0.9181615836 1.322976396 1.899033879 1.547771284 1.081004073 0.5364748038 0.2024869057 0.7645130879 1.386292345 1.980947294 2.528443817 3.027065694 2.14241363 1.921367918
 0.02707107308 0.01807231721 0.065461944 0.1218314641 0.1949414032 0.2947603257 0.4347147021 0.6333336559 0.9164262919 1.319959237 1.893799466 1.543440597 1.077112286 0.5327340087 0.2050485239 0.7699697082 1.393610983 1.991205331 2.543480801 3.050030376 2.140044786 1.92031976
 0.02707108339 0.01807232473 0.06546196596 0.1218315096 0.194941487 0.2947604732 0.4347149568 0.6333340913 0.9164270304 1.319960485 1.893801567 1.543442325 1.077113767 0.5327352912 0.2050475852 0.7699681574 1.393609173 1.9912031 2.543477924 3.050026527 2.140044458 1.920319297
 0.0270473939 0.01811179637 0.06552470669 0.1219378789 0.1951265374 0.2950850551 0.4352843341 0.6343301328 0.9181637839 1.322980117 1.899040141 1.547776434 1.081008488 0.5364786319 0.2024841739 0.7645084707 1.386286957 1.980940656 2.528435258 3.027054246 2.142412471 1.921366382
 0.02699999616 0.01819017839 0.06564883827 0.1221480706 0.1954921309 0.2957264117 0.4364096723 0.6362992281 0.9215979376 1.328951998 1.909401849 1.556348077 1.08870977 0.5438876981 0.1976517237 0.7537686412 1.371904377 1.960827417 2.499025252 2.982247591 2.146730302 1.923364023
 0.02692887442 0.01830636356 0.06583172085 0.1224571163 0.1960294833 0.2966693316 0.4380648288 0.639196569 0.9266527349 1.337744586 1.92466105 1.568968578 1.100045249 0.5548082935 0.1911423838 0.7380963051 1.350967864 1.931659141 2.456553576 2.917809709 2.152194087 1.926129472
 0.02683400775 0.01845869282 0.06606943461 0.1228576481 0.1967255728 0.2978912653 0.4402110412 0.6429556883 0.9332142464 1.349162461 1.944482095 1.585357636 1.114759075 0.5690064561 0.1838494123 0.7179924453 1.324203684 1.894572982 2.402882305 2.836884337 2.157684995 1.92941501
 0.02671537311 0.01864496118 0.06635682994 0.1233400044 0.1975633319 0.2993626587 0.4427974936 0.6474894111 0.941132945 1.36294889 1.968423419 1.605147106 1.132515722 0.5861680682 0.1769441444 0.6940877736 1.29251979 1.850982842 2.340318634 2.743366512 2.16188094 1.93293591
 0.02657294939 0.01886243107 0.06668759813 0.1238923747 0.1985219119 0.3010474144 0.4457621098 0.6526912045 0.950225991 1.378789675 1.995943966 1.627886754 1.152905836 0.6059017398 0.1717847312 0.667112771 1.256958099 1.802498502 2.27147428 2.641657881 2.163406827 1.936402144
 0.02640672229 0.01910785626 0.06705436449 0.1245009883 0.1995770244 0.3029034918 0.4490325918 0.6584369676 0.9602803158 1.396318477 2.026412405 1.653052315 1.175454392 0.6277460005 0.1697067429 0.6378626871 1.218639934 1.750833266 2.199103265 2.536376262 2.161009842 1.939549989
 0.02621668992 0.01937751893 0.06744880555 0.1251503472 0.2007013632 0.3048836483 0.4525277117 0.6645872806 0.9710565461 1.415123697 2.059119314 1.680055944 1.199631186 0.6511808575 0.1716999441 0.6071591444 1.178708019 1.697706283 2.125928793 2.432035996 2.153736467 1.942169727
 0.02600286916 0.01966728142 0.06786179043 0.1258235026 0.2018651042 0.3069363199 0.4561588522 0.6709901002 0.9822937454 1.434756888 2.093292227 1.708258929 1.224863421 0.6756429336 0.1781040414 0.5758103821 1.13826905 1.644746884 2.054473159 2.332725164 2.141083214 1.944126149
 0.02576530242 0.01997265256 0.06828354566 0.1265023738 0.2030364777 0.3090066292 0.4598317722 0.67748386 0.9937148854 1.454742478 2.128113126 1.736986321 1.250549912 0.7005429035 0.1885230061 0.5445726219 1.098341255 1.593409141 1.986907268 2.24181637 2.123095266 1.945369532
 0.02550406488 0.02028886769 0.06870384083 0.127168102 0.2041824032 0.3110375006 0.4634485607 0.6839008994 1.005032896 1.474588529 2.162737711 1.765542904 1.276076266 0.7252838115 0.2020120303 0.5141155075 1.059811377 1.544904687 1.924936927 2.161754287 2.100395361 1.945935997
 0.02521927201 0.02061097983 0.0691121913 0.1278014336 0.205269172 0.3129708574 0.4669097273 0.6900711221 1.015957095 1.493798102 2.196315658 1.793229864 1.30083034 0.749278986 0.2173829749 0.4849949377 1.023404942 1.500160421 1.869740004 2.093958645 2.074136769 1.945937506
 0.0249110872 0.02093395907 0.069498073 0.1283831218 0.2062631603 0.3147488661 0.4701163669 0.6958257664 1.026199777 1.51188082 2.228010997 1.819361475 1.324217297 0.7719685401 0.2334525661 0.457636638 0.9896723337 1.459804649 1.821961158 2.03886069 2.045886199 1.945543087
 0.02457972944 0.02125279658 0.06985114356 0.1288943379 0.2071315536 0.3163151937 0.4729723335 0.7010011657 1.03548273 1.528364185 2.257021811 1.843281128 1.345673654 0.7928337464 0.2491754457 0.4323331972 0.9589911603 1.424180957 1.781760272 1.996057989 2.017452597 1.944953933
 0.02422548093 0.02156260968 0.0701614634 0.1293170779 0.2078430603 0.3176162397 0.4753863567 0.7054423787 1.043543463 1.542804259 2.282598546 1.864376173 1.364679848 0.8114088636 0.2636900603 0.4092557905 0.9315830116 1.39338469 1.748900209 1.964540527 1.990684708 1.944375768
 0.02384869448 0.02185874443 0.07041971074 0.1296345562 0.2083685965 0.318602308 0.4772740367 0.7090065787 1.050140946 1.55479537 2.304060345 1.882091096 1.380770985 0.8272902215 0.2763199125 0.3884794895 0.9075404769 1.367313515 1.722853103 1.942926747 1.967263566 1.943992101
 0.02344980065 0.02213687287 0.07061738434 0.1298315733 0.2086819216 0.3192286868 0.4785596643 0.7115661066 1.055060717 1.563978585 2.320809003 1.895938722 1.393545538 0.8401425654 0.2865577482 0.3700183762 0.8868589729 1.345722452 1.702904598 1.929658606 1.948516039 1.943941779
 0.02302931465 0.0223930823 0.0707469887 0.1298948494 0.2087602086 0.3194566066 0.4791778175 0.7130111137 1.058119216 1.570048758 2.332340264 1.905509226 1.402671929 0.8497027961 0.2940454758 0.3538644257 0.8694678482 1.328275066 1.688241568 1.923132613 1.935272707 1.944303601
 0.02258784278 0.02262395452 0.07080219717 0.129813314 0.208584536 0.3192540563 0.4790746999 0.7132517345 1.059167276 1.572760048 2.338252332 1.910476876 1.407892987 0.8557813501 0.29855448 0.3400230175 0.8552564054 1.314585551 1.678017774 1.921773319 1.927787973 1.9450897
 0.02212608869 0.02282663399 0.07077798933 0.1295783478 0.2081402895 0.3185964391 0.4782091952 0.7122197582 1.058092718 1.571929839 2.338251575 1.910604483 1.409028384 0.8582615284 0.2999675939 0.3285383076 0.8440924749 1.304250064 1.671399728 1.924073602 1.925732683 1.946248209
 0.02164485928 0.02299888377 0.07067076003 0.1291839692 0.2074174681 0.3174670583 0.4765536236 0.7098697773 1.05482204 1.567441102 2.332155513 1.905745656 1.405975199 0.8570971212 0.2982628919 0.3195034188 0.8358332991 1.29686844 1.66759912 1.928627954 1.928259863 1.947674457
 0.02114507044 0.02313912918 0.07047839875 0.1286269658 0.206410889 0.3158574289 0.4740941965 0.7061798173 1.049321214 1.55924322 2.319893228 1.895844973 1.398706793 0.8523086803 0.2934992524 0.3130531495 0.8303301476 1.292058866 1.665898213 1.934174741 1.934133733 1.94922882
 0.02062775283 0.02324648935 0.07020033851 0.1279069676 0.2051202924 0.3137674141 0.4708311727 0.7011514607 1.041595633 1.547351404 2.301503431 1.880936272 1.387270211 0.843978775 0.2858036968 0.3093404021 0.8274289232 1.289468116 1.665671866 1.939649025 1.941902807 1.950758513
 0.0200940578 0.02332079711 0.06983757512 0.1270264645 0.2035503477 0.3112051953 0.4667787325 0.6948094957 1.03168926 1.531844789 2.27713041 1.861139233 1.37178233 0.8322465282 0.2753606046 0.3085014084 0.8269690183 1.28877899 1.666406383 1.944236048 1.950091625 1.952120185
 0.01954526381 0.02336260827 0.06939265786 0.1259907706 0.2017105661 0.3081870828 0.4619645864 0.6872011277 1.019683071 1.512863395 2.247018146 1.836654507 1.35242496 0.8173016788 0.2624029712 0.3106182062 0.8287820816 1.289715494 1.667712833 1.947410667 1.957383892 1.953200165
 0.01898278363 0.02337320119 0.06886965382 0.1248079386 0.1996151283 0.3047371842 0.4564293479 0.6783948047 1.005692863 1.490604076 2.211502892 1.807757606 1.329439108 0.7993783583 0.247205941 0.3156881165 0.8326915099 1.292045408 1.669331723 1.948950029 1.962772516 1.953929664
 0.01840817288 0.0233545681 0.0682740885 0.1234886289 0.1972826353 0.3008869458 0.4502257004 0.6684787107 0.9898665477 1.46531566 2.171004496 1.774791797 1.303118603 0.7787487127 0.2300829489 0.3236078857 0.8385127271 1.295579579 1.671126823 1.948913284 1.965658332 1.954293035
 0.01782314026 0.02330939912 0.06761286599 0.1220459418 0.1947357945 0.2966745882 0.4434173939 0.6575589917 0.9723810211 1.437293453 2.126016796 1.738160259 1.273803252 0.7557164544 0.2113850456 0.3341750641 0.8460538561 1.30016756 1.673067879 1.947590101 1.965887692 1.954328196
 0.01722956024 0.02324106014 0.06689417184 0.1204952169 0.1920010525 0.2921444567 0.4360781101 0.6457577804 0.953438733 1.406873304 2.077097392 1.698317744 1.241871724 0.7306103994 0.1915044808 0.3471035266 0.855116282 1.305689767 1.675204157 1.945426536 1.963728148 1.95411948
 0.01662948881 0.02315356534 0.06612736225 0.118853807 0.1891081875 0.2873463099 0.4282902343 0.6332110868 0.9332640746 1.374425425 2.024857126 1.655762002 1.207734339 0.7037780333 0.1708846494 0.3620465818 0.8654947732 1.312046994 1.677632377 1.942940678 1.959789856 1.953784179
 0.01602518328 0.0230515444 0.06532284274 0.1171408354 0.1860898733 0.2823345681 0.4201435754 0.6200666275 0.9120997015 1.340348181 1.969949601 1.611025252 1.171825969 0.6755791677 0.1500404226 0.3786209913 0.8769771251 1.319148649 1.680463407 1.940641003 1.954906985 1.9534549
 0.01541912666 0.02294020425 0.06449193898 0.1153769388 0.1829812275 0.277167543 0.4117340707 0.6064816569 0.8902029111 1.305062033 1.913061088 1.564665968 1.13459925 0.646379794 0.1295961178 0.3964274386 0.8893435871 1.326901278 1.683791926 1.938958012 1.949997823 1.953260348
 0.01481405794 0.02282528387 0.06364676182 0.1135840054 0.1798193525 0.2719066666 0.4031625081 0.5926208627 0.8678421809 1.269003854 1.854901155 1.517261256 1.096518368 0.616546306 0.1103519332 0.4150657425 0.9023665282 1.335198902 1.687672424 1.93819572 1.945923851 1.953307282
 0.01421300849 0.02271300031 0.06280006752 0.1117849077 0.1766428777 0.2666157343 0.3945332936 0.5786543743 0.8452939622 1.232621765 1.796194356 1.469400098 1.058053633 0.5864403622 0.09338411227 0.4341451475 0.9158108414 1.343916394 1.692103689 1.938505427 1.943366955 1.953666128
 0.01361934544 0.0226099828 0.06196511304 0.1100032342 0.1734915067 0.2613601693 0.3859532798 0.5647559161 0.8228397916 1.196370643 1.737673239 1.421677688 1.01967713 0.5564147553 0.08012708718 0.4532909818 0.9294354966 1.352906628 1.697022672 1.939881036 1.942740454 1.954362145
 0.01303682132 0.02252319158 0.06115550477 0.108263019 0.1704055699 0.25620631 0.3775306572 0.5511011144 0.8007637475 1.160708356 1.680072854 1.374691001 0.981859603 0.5268107659 0.07219135243 0.4721491024 0.9429964579 1.362001651 1.702307477 1.942173334 1.944144226 1.955373197
 0.01246962861 0.02245981751 0.06038503806 0.1065884648 0.1674255766 0.2512207132 0.3693738964 0.5378659361 0.7793502187 1.126092706 1.624126793 1.329035637 0.9450687409 0.4979575447 0.07053400761 0.4903892403 0.9562509388 1.371017552 1.707788325 1.945119775 1.94736773 1.956634215
 0.01192245524 0.02242715926 0.05966752367 0.1050036559 0.1645917595 0.246469454 0.3615907096 0.5252252023 0.7588818874 1.092978914 1.570564513 1.285303754 0.9097687788 0.4701740713 0.07448255378 0.5077079199 0.9689627277 1.379762285 1.713264585 1.948385786 1.951937958 1.9580475
 0.01140053387 0.02243247618 0.05901659703 0.1035322529 0.1619435971 0.2420174005 0.3542869811 0.5133510812 0.7396377472 1.061817329 1.520109427 1.244082668 0.8764211489 0.4437741091 0.08206827955 0.5238312402 0.9809081258 1.388045331 1.718525418 1.951612841 1.957203156 1.959497217
 0.0109096731 0.02248281732 0.05844550621 0.1021971619 0.1595192995 0.2379274294 0.3475656038 0.5024114313 0.7218909008 1.033050862 1.473476823 1.205953368 0.845485537 0.4190742141 0.09125047193 0.5385175185 0.9918819219 1.395687887 1.723371205 1.954467584 1.962438439 1.960865891
 0.01045625225 0.02258483064 0.0579668764 0.1010201726 0.1573552429 0.2342595518 0.3415251518 0.4925678457 0.7059058208 1.0071115 1.431370309 1.171487891 0.8174203111 0.3964041698 0.1005439458 0.5515596487 1.001702813 1.402532265 1.727632898 1.95668569 1.966956852 1.962050501
 0.01004715524 0.02274456 0.05759245095 0.1000215595 0.1554853422 0.2310699212 0.3362583247 0.4839732485 0.6919347424 0.9844151658 1.394475179 1.141244232 0.7926808954 0.3761180693 0.1090067372 0.562786962 1.010217749 1.408449332 1.731186744 1.958104335 1.970209303 1.962975906
 0.009689614331 0.02296724176 0.05733281318 0.09921965097 0.1539403591 0.2284097129 0.3318501225 0.4767689355 0.6802129095 0.9653542285 1.363447081 1.11575744 0.7717144211 0.3586026621 0.116073528 0.5720664093 1.01730483 1.41334316 1.733962539 1.958678661 1.97185919 1.963603796
 0.009390937323 0.02325711501 0.05719709751 0.09863037296 0.1527471562 0.2263238806 0.3283757545 0.4710810264 0.6709525404 0.9502872608 1.338894767 1.095525869 0.7549491075 0.344277808 0.1214279253 0.5793029453 1.022874584 1.417152509 1.735944592 1.958480166 1.971821906 1.963936057
 0.009158106281 0.02361726055 0.05719270333 0.09826678456 0.1519279212 0.2248498329 0.3258983387 0.4670164178 0.6643356251 0.9395260969 1.321356677 1.080992303 0.7427775123 0.333582871 0.1249296767 0.5844390897 1.026869663 1.41984922 1.737165751 1.957678071 1.970265011 1.964012277
 0.008997268006 0.02404948205 0.05732502861 0.09813863071 0.151499402 0.2240160964 0.3244665214 0.4646584662 0.6605059705 0.9333209466 1.311272659 1.072520934 0.7355341521 0.3269443351 0.1265788333 0.5874537232 1.029263194 1.421434059 1.737695843 1.956507552 1.967570903 1.963901978
 0.008913180902 0.02455423867 0.05759724252 0.0982519416 0.1514722051 0.2238410635 0.3241121988 0.4640627648 0.6595612246 0.9318450416 1.308953815 1.070372569 0.7334698192 0.3247255044 0.1265024187 0.5883602485 1.03005614 1.421930868 1.737626695 1.955230672 1.96426922 1.963692887
 0.008908724661 0.02513063299 0.05801011539 0.09860871138 0.1518502162 0.2243319381 0.3248485652 0.4652534672 0.6615458222 0.9351808286 1.314554884 1.074681648 0.7367266458 0.3271683175 0.1249554772 0.5872042812 1.02927414 1.421380016 1.737056219 1.954096474 1.960950332 1.963477103
 0.00898459241 0.02577645236 0.05856192122 0.09920668546 0.1526301984 0.2254839873 0.3266687097 0.4682206178 0.6664458296 0.9433098422 1.328053949 1.08543901 0.7453187601 0.3343451767 0.1223315251 0.5840610425 1.026964245 1.41983218 1.736073936 1.953306075 1.958173551 1.963337227
 0.00913925141 0.02648825628 0.05924842205 0.1000392788 0.1538016137 0.2272801897 0.329544939 0.4729188594 0.674186474 0.9561079592 1.349243265 1.102483637 0.7591226468 0.3461381885 0.1191765249 0.5790325995 1.02319194 1.417343271 1.734749903 1.952987161 1.956383881 1.963334511
 0.00936918477 0.02726149939 0.06006293646 0.1010956366 0.1553466928 0.2296913304 0.3334289307 0.4792677194 0.6846327565 0.9733468411 1.377732855 1.125504854 0.7778791274 0.36225219 0.1161944195 0.5722450496 1.018038694 1.413971077 1.733128288 1.953180421 1.955849297 1.963500665
 0.009669346786 0.02809067818 0.06099648706 0.1023608353 0.1572407537 0.2326765466 0.3382527177 0.4871534658 0.697593082 0.9947012906 1.412965935 1.15405436 0.8012060843 0.3822534386 0.1142209684 0.5638456863 1.011600164 1.409773866 1.731226109 1.95383874 1.956627091 1.963834413
 0.01003371664 0.02896949014 0.06203801621 0.1038162126 0.1594527505 0.236184285 0.3439304184 0.496432327 0.7128254146 1.019761318 1.454243165 1.187565718 0.8286188165 0.4056178872 0.1141344188 0.5540001241 1.003985005 1.404810864 1.729036909 1.954838495 1.958563245 1.964303152
 0.01045583537 0.02989099608 0.06317465469 0.1054398027 0.1619460108 0.2401535929 0.3503605537 0.5069347349 0.730045199 1.048047192 1.500751739 1.225378048 0.8595539935 0.4317748307 0.1166905077 0.5428893196 0.9953141622 1.399144231 1.726538491 1.956001011 1.961323788 1.964849302
 0.01092924695 0.03084777846 0.06439202696 0.1072068502 0.1646791158 0.2445156503 0.3574287577 0.5184701961 0.7489342166 1.079025718 1.55159554 1.2667608 0.8933935915 0.4601388895 0.1223328701 0.5307064043 0.9857204009 1.392841988 1.723703375 1.957121189 1.964452407 1.965400265
 0.01144781047 0.03183209166 0.06567457677 0.1090903744 0.1676068672 0.249195441 0.3650106939 0.5308324135 0.7691496362 1.112126274 1.60582357 1.310937242 0.9294863982 0.4901298819 0.131087249 0.5176532588 0.9753478216 1.385981207 1.720510299 1.957999355 1.967444815 1.965880397
 0.01200588723 0.0328360016 0.06700589924 0.1110617559 0.1706812951 0.2541134767 0.372975008 0.5438043567 0.7903327128 1.146755676 1.662455097 1.357105317 0.9671660047 0.5211835307 0.142605068 0.5039368038 0.9643511237 1.378650777 1.716954985 1.958471814 1.969828154 1.966223163
 0.01259842653 0.03385151427 0.06836906811 0.1130913256 0.1738526643 0.2591874993 0.3811861964 0.5571630723 0.8121168011 1.18231138 1.720501027 1.404455416 1.005765235 0.5527565938 0.15630723 0.4897650568 0.9528944279 1.370953168 1.71305851 1.958435554 1.971233259 1.96638163
 0.01322097962 0.03487069323 0.06974695038 0.1151489359 0.1770704503 0.2643341122 0.3895073063 0.570684115 0.8341345427 1.218192946 1.778981739 1.452185217 1.044627541 0.5843292814 0.1715299589 0.475343096 0.9411495595 1.363004746 1.708872023 1.957863338 1.971449053 1.966335793
 0.01386966861 0.03588576702 0.07112250268 0.1172045049 0.1802842617 0.269470307 0.3978024252 0.5841455538 0.8560242158 1.253811899 1.836941961 1.499512054 1.083116096 0.6154067923 0.1876188053 0.4608691711 0.9292937902 1.354934463 1.70447708 1.95680692 1.970451316 1.966095692
 0.0145411308 0.03688922727 0.0724790466 0.1192285235 0.1834446991 0.2745148692 0.4059389417 0.597331554 0.8774353122 1.288600225 1.893463347 1.545683353 1.120621277 0.6455209399 0.2039715879 0.4465312806 0.9175071219 1.346880958 1.699981571 1.955388142 1.968402218 1.965699967
 0.01523245272 0.03787391836 0.07380052115 0.1211925223 0.1865041404 0.279389655 0.4137895792 0.6100355617 0.8980334384 1.322017759 1.947675339 1.589985623 1.156567073 0.6742322591 0.2200508737 0.4325045774 0.9059692674 1.338988351 1.695511902 1.953779699 1.965621501 1.965210157
 0.01594110254 0.0388331192 0.07507171187 0.123069496 0.1894174526 0.2840207401 0.4212342113 0.6220631258 0.9175046325 1.353558678 1.998764746 1.631752359 1.190416784 0.7011326474 0.235383306 0.418949952 0.8948565112 1.331401177 1.69120262 1.952179024 1.962534476 1.964701701
 0.01666486611 0.03976061738 0.07627845643 0.124834284 0.1921426284 0.2883394425 0.4281614704 0.6332343899 0.9355591726 1.382757247 2.04598432 1.670371089 1.221678205 0.7258484231 0.2495551573 0.4060140514 0.8843386336 1.324259002 1.687184992 1.950779618 1.959605354 1.964253048
 0.01740178905 0.04065077588 0.07740782681 0.1264639068 0.1946413475 0.2922832223 0.4344701598 0.6433862786 0.9519349275 1.409192918 2.088660462 1.705289704 1.249908378 0.7480436072 0.2622079542 0.3938308314 0.8745760465 1.317691278 1.683576119 1.949744198 1.95726638 1.963934542
 0.01815012586 0.04149859197 0.078448288 0.1279378593 0.1968794641 0.2957964607 0.4400704758 0.6523743925 0.966400275 1.432494803 2.126200104 1.736022083 1.274717907 0.7674232239 0.2730352685 0.3825245112 0.8657172359 1.311812922 1.680469989 1.949183411 1.95585358 1.963798738
 0.01890829613 0.04229974816 0.07938983324 0.1292383593 0.1988274199 0.2988311203 0.4448850433 0.6600746189 0.9787565971 1.452345543 2.158096727 1.762153012 1.295774798 0.7837364245 0.281780662 0.3722135356 0.8578965518 1.306720986 1.677931506 1.949142708 1.955558668 1.963873558
 0.01967484753 0.04305065471 0.08022409554 0.1303505519 0.200460583 0.3013472853 0.4488497646 0.6663844554 0.9888403419 1.468484533 2.18393544 1.783342324 1.312807727 0.7967792704 0.2882364359 0.3630148872 0.8512323426 1.302492644 1.675994124 1.949598762 1.956403958 1.964159248
 0.02044842477 0.0437484832 0.08094443518 0.1312626692 0.2017595113 0.3033135817 0.4519144783 0.6712240407 0.9965246395 1.480710467 2.203397038 1.799328203 1.325608674 0.8063970395 0.2922428119 0.3550478795 0.8458254038 1.299184551 1.674661174 1.950465562 1.958243559 1.964629479
 0.02122774415 0.04439119082 0.08154600301 0.1319661447 0.202710141 0.3047074752 0.4540434264 0.6745368844 1.001720449 1.488883164 2.216260934 1.809929558 1.334034827 0.812485957 0.2936872423 0.348436452 0.841757711 1.29683349 1.673910566 1.95160911 1.96079006 1.965236361
 0.02201157275 0.04497753482 0.08202577904 0.1324556827 0.2033038975 0.3055154451 0.4552155238 0.6762902873 1.004377219 1.492924623 2.222406884 1.815047411 1.338009711 0.8149942794 0.2925036387 0.343309033 0.8390914072 1.295458074 1.673702073 1.95286867 1.963662127 1.965918499
 0.02279871189 0.04550707696 0.08238258655 0.1327292814 0.2035377301 0.3057330339 0.4554244287 0.6764754433 1.004483048 1.492819278 2.221815434 1.814665248 1.337523461 0.8139226866 0.2886713912 0.3397952815 0.8378680336 1.295061171 1.673986119 1.954081533 1.96644533 1.966610829
 0.02358798412 0.04598017764 0.08261708143 0.1327882111 0.2034140707 0.305364772 0.4546784119 0.6751072207 1.00206432 1.488613434 2.214567043 1.808848271 1.332632239 0.8093239586 0.2822141032 0.3380194788 0.8381079907 1.295632637 1.67471274 1.95510771 1.968756674 1.967254703
 0.02437822351 0.04639797966 0.08273171727 0.1326369476 0.2029407158 0.3044239783 0.4530000265 0.67222362 0.9971848338 1.480413859 2.200839845 1.797741554 1.323456741 0.8013019293 0.2731980113 0.3380909956 0.8398102193 1.297151922 1.675839384 1.955850801 1.970302882 1.967806697
 0.02516826853 0.04676238164 0.08273068667 0.1322830623 0.2021306356 0.3029324402 0.4504255794 0.6678849144 0.9899444088 1.468385544 2.180906068 1.78156709 1.310179817 0.7900097203 0.2617300779 0.340092971 0.8429520812 1.299590139 1.677336379 1.956271777 1.970923646 1.968244837
 0.02595695747 0.04707600135 0.08261983965 0.1317370702 0.2010017125 0.3009199763 0.4470044146 0.6621724798 0.9804769884 1.452748644 2.155127106 1.760619748 1.293043207 0.7756472671 0.2479557525 0.344070918 0.8474894119 1.302911302 1.679189254 1.956393529 1.970613499 1.968571336
 0.02674312588 0.04734212922 0.08240658036 0.131012239 0.1995764121 0.2984238901 0.4427980145 0.655187331 0.9689482651 1.433774631 2.123947318 1.735262176 1.272343413 0.7584581543 0.2320564021 0.3500231762 0.8533567287 1.307072565 1.681397616 1.95629556 1.96951937 1.968811514
 0.02752560577 0.04756467259 0.08209974352 0.1301243614 0.1978813939 0.2954883206 0.4378789345 0.6470483833 0.9555528535 1.411781715 2.087886604 1.705918718 1.248426764 0.738725782 0.2142464017 0.3578948351 0.8604675898 1.312023511 1.683970844 1.956099881 1.967914647 1.969009121
 0.02830322647 0.04774809125 0.08170945229 0.1290914952 0.1959470653 0.2921635019 0.4323295866 0.6378904657 0.9405110554 1.387129578 2.047531874 1.673068417 1.221683726 0.7167688895 0.1947698805 0.367576017 0.8687151405 1.317704674 1.686921371 1.955950601 1.966154176 1.969218848
 0.02907481673 0.04789732519 0.08124695971 0.1279336743 0.193807089 0.2885049433 0.4262408926 0.6278621186 0.9240652673 1.360213529 2.003527523 1.637237207 1.192542523 0.6929364716 0.173897114 0.3789044914 0.8779729148 1.324045678 1.690256709 1.955990599 1.964617422 1.969497211
 0.02983920804 0.0480177153 0.08072447582 0.1266725956 0.1914978493 0.284572544 0.4197108283 0.6171232125 0.9064760909 1.33145815 1.956565077 1.598989423 1.161462183 0.6676021307 0.1519205658 0.3916718133 0.8880959962 1.330963445 1.693971529 1.956338931 1.963648724 1.969893233
 0.03059523876 0.0481149182 0.08015498288 0.1253312872 0.1890578888 0.2804296579 0.4128428874 0.6058424315 0.8880182179 1.301310574 1.907372186 1.558918784 1.128925114 0.6411579276 0.1291505988 0.4056317683 0.8989226555 1.338360935 1.698041094 1.957072284 1.963503832 1.970440335
 0.03134175913 0.04819481631 0.0795520412 0.1239337624 0.1865273233 0.2761421253 0.4057444906 0.5941946692 0.8689761668 1.270233496 1.856701187 1.517639012 1.095429349 0.6140078142 0.1059109157 0.4205098839 0.9102765696 1.346126856 1.702417114 1.958213001 1.964310802 1.971150678
 0.03207763675 0.04826342441 0.07892958815 0.122504665 0.1839472456 0.2717772882 0.3985253721 0.5823583875 0.8496399606 1.238698097 1.805317467 1.475774305 1.061480645 0.5865607664 0.08253389465 0.4360130245 0.9219696874 1.354136633 1.707026717 1.959725183 1.966051023 1.972012772
 0.03280176256 0.0483267941 0.07830173303 0.1210689116 0.181359128 0.2674030084 0.3912959721 0.570512991 0.8303008338 1.207177003 1.753987913 1.433949876 1.027584619 0.5592237768 0.05935636196 0.4518384373 0.9338057407 1.362254759 1.711774819 1.961519262 1.968562998 1.972992694
 0.03351305699 0.0483909175 0.07768255024 0.1196513348 0.1788042322 0.2630867024 0.3841658668 0.5588362702 0.8112470617 1.176137474 1.703469723 1.392782801 0.9942391434 0.532394924 0.03671861666 0.4676819355 0.9455843198 1.370338453 1.716549632 1.963464349 1.971567993 1.974038676
 0.03421047625 0.0484616319 0.07708587341 0.1182763336 0.1763230362 0.2588944114 0.3772422613 0.5475019597 0.7927599999 1.146034953 1.65449987 1.352873414 0.9619272414 0.5064567986 0.01499981996 0.483245119 0.9571053491 1.378242338 1.721230651 1.96540662 1.974713367 1.975088354
 0.03489301861 0.04854452661 0.07652509276 0.1169675332 0.1739546834 0.2548899167 0.3706285688 0.5366774552 0.775110406 1.117307131 1.607785487 1.314797476 0.9311107013 0.4817706334 0.006193252284 0.4982416446 0.9681737346 1.385823711 1.725698048 1.967191113 1.977626732 1.976077539
 0.0355597304 0.04864485378 0.07601295828 0.1157474587 0.1717364623 0.2511339107 0.3644230928 0.5265217153 0.7585551012 1.090368626 1.563995371 1.279099289 0.902224617 0.4586715327 0.02509401525 0.5124025988 0.978603912 1.392947854 1.729842175 1.968683741 1.979972504 1.97694918
 0.03620971185 0.04876744463 0.07556139086 0.1146372252 0.169703317 0.2476832295 0.3587178202 0.5171833659 0.7433339967 1.065606339 1.523752747 1.246285858 0.8756729764 0.4374651962 0.04252815502 0.5254810251 0.9882240226 1.399492815 1.733571854 1.969790145 1.981502147 1.977661157
 0.03684212234 0.04891663245 0.07518130375 0.1136562464 0.167887394 0.2445901481 0.3535973261 0.5087990026 0.7296674775 1.043375453 1.48762924 1.216822083 0.8518253151 0.4184264429 0.05802149303 0.5372556451 0.9968794761 1.405353187 1.736820284 1.970468415 1.982090469 1.978191755
 0.03745618525 0.04909618378 0.07488243661 0.1128219636 0.166317623 0.2419017351 0.3491377817 0.501491671 0.7177541001 1.023996009 1.456139909 1.191126838 0.8310143002 0.4017996076 0.07134908355 0.5475338108 1.00443573 1.410442507 1.739547768 1.970733675 1.981752546 1.978542017
 0.03805119211 0.0493092389 0.07467320463 0.1121495969 0.1650193329 0.2396592643 0.3454060521 0.4953694929 0.7077685285 1.00774988 1.429739004 1.169569659 0.8135339448 0.3878005008 0.08233496365 0.5561537264 1.010780198 1.414694148 1.741740975 1.970653856 1.98063891 1.978734659
 0.03862650607 0.04955826261 0.07456056494 0.1116519204 0.1640139024 0.2378976762 0.3424588674 0.4905243974 0.6998596168 0.9948779459 1.40881598 1.15246765 0.7996380079 0.3766191215 0.09084629768 0.5629859925 1.015823306 1.418060764 1.743408992 1.970337476 1.979010009 1.978809779
 0.0391815646 0.04984500608 0.07454990292 0.1113390632 0.1633184455 0.2366450861 0.3403420534 0.4870309191 0.6941485498 0.985577263 1.393691323 1.140082218 0.7895380706 0.3684218357 0.09679573352 0.5679345413 1.019498787 1.420512565 1.744576926 1.969915549 1.977194115 1.978818035
 0.03971588135 0.05017048027 0.07464494076 0.1112183408 0.1629455352 0.23592234 0.3390898163 0.484945045 0.6907269809 0.9799980725 1.38461179 1.13261529 0.7834008321 0.363351507 0.1001456319 0.5709370443 1.021763398 1.422034847 1.745278157 1.969520604 1.975535358 1.978812385
 0.04022904715 0.05053494114 0.07484767056 0.1112941189 0.1629029692 0.2357426228 0.338724088 0.4843031111 0.6896551637 0.9782406118 1.38174493 1.13020489 0.7813443774 0.3615243362 0.1009141184 0.5719648774 1.022596241 1.422625279 1.745546539 1.96926613 1.974339983 1.978839664
 0.04072073009 0.05093788686 0.07515831393 0.1115677156 0.1631935865 0.2361111329 0.3392539518 0.4851207882 0.6909601397 0.9803518399 1.385173092 1.132920211 0.7834334992 0.3630230202 0.09918443883 0.5710227228 1.021997917 1.42229144 1.745409753 1.969229478 1.97382914 1.978933281
 0.04119067477 0.05137806659 0.07557530981 0.1120373452 0.1638151431 0.2370248393 0.340675186 0.4873922229 0.6946341158 0.9863223415 1.394887434 1.140756628 0.7896745284 0.3678871059 0.09512085143 0.568147869 1.01998965 1.421049007 1.744884829 1.969440643 1.974105381 1.979108156
 0.04163870062 0.05185350062 0.0760953313 0.1126981105 0.1647602586 0.2384723461 0.3429699669 0.4910894237 0.7006332162 0.9960837946 1.410782767 1.153631316 0.8000104361 0.3761025777 0.08899766813 0.5634092398 1.016612526 1.418920866 1.743976475 1.96987838 1.975137888 1.979358644
 0.04206469935 0.0523615113 0.07671333191 0.1135420441 0.1660164433 0.2404338843 0.3461067811 0.4961619919 0.7088768098 1.009507424 1.432654127 1.171380225 0.8143170969 0.3875932255 0.08125494592 0.5569061539 1.011926857 1.415937226 1.742678383 1.970474104 1.976768546 1.979659724
 0.04246863159 0.05289876396 0.0774226208 0.1145582042 0.1675662147 0.2428814529 0.3500405882 0.5025372832 0.7192475981 1.026403816 1.460195852 1.193757103 0.83240151 0.4022159015 0.07260682227 0.5487667778 1.006011646 1.412136617 1.740977268 1.971122965 1.978737756 1.979971271
 0.04285052274 0.05346131713 0.07821496568 0.1157328241 0.1693873073 0.2457791214 0.354713265 0.5101210649 0.7315925863 1.046524354 1.493003689 1.220434991 0.8540024867 0.4197606164 0.0642384906 0.5391462111 0.9989640412 1.407567511 1.738858951 1.971700508 1.980725856 1.980244692
 0.04321045815 0.05404468118 0.07908072157 0.1170495136 0.1714529786 0.2490835003 0.3600543438 0.5187986943 0.7457249922 1.069564355 1.530580052 1.251010342 0.8787939387 0.4399551342 0.05805743345 0.5282241214 0.9908986309 1.402290156 1.736315482 1.972082495 1.98240367 1.980430923
 0.04354857759 0.05464388434 0.08000898275 0.1184895104 0.1737324061 0.2527443747 0.3659820389 0.5284368061 0.7614270586 1.095167828 1.572342207 1.285009585 0.9063905419 0.4624728379 0.0565655092 0.5162018416 0.9819464296 1.396378191 1.73335214 1.97216492 1.983484309 1.980488516
 0.04386506924 0.05525354522 0.08098775503 0.1200319762 0.1761911691 0.2567054881 0.3724045379 0.5388854625 0.7784536728 1.122933637 1.617632917 1.321897752 0.9363553103 0.4869423762 0.06154025165 0.5032988585 0.9722533956 1.389919588 1.729993126 1.971881097 1.983768218 1.980390589
 0.04416016316 0.05586795073 0.08200414491 0.1216543306 0.1787918023 0.2609054585 0.3792215212 0.5499806929 0.7965366467 1.152422775 1.665732905 1.361088653 0.9682085104 0.5129578341 0.07260947318 0.4897486472 0.961978395 1.383016591 1.726284972 1.971213085 1.98317453 1.980129551
 0.04443412441 0.05648113835 0.08304456218 0.1233326157 0.1814944114 0.2652787996 0.3863258621 0.5615473366 0.8153894897 1.183166419 1.715874523 1.401956076 1.001437364 0.5400886175 0.08802029559 0.4757938589 0.9512905794 1.375784447 1.722297036 1.970195573 1.981753938 1.979718901
 0.0446872459 0.05708698163 0.08409493223 0.1250418845 0.1842573315 0.2697570221 0.3936054601 0.5734020965 0.834712508 1.214674466 1.767256055 1.443845532 1.035506083 0.5678886669 0.1060783592 0.4616809312 0.940366232 1.368348915 1.718118899 1.968911607 1.979681194 1.979191803
 0.04491984112 0.05767927776 0.08514091464 0.1267566044 0.1870378172 0.2742697864 0.4009451562 0.5853567166 0.8541980738 1.246444265 1.8190562 1.486086167 1.06986589 0.5959049118 0.1255676968 0.4476542665 0.9293852084 1.360842718 1.713854986 1.96748088 1.977228478 1.978596684
 0.04513223678 0.05825183613 0.08616812425 0.128451068 0.1897927472 0.278746081 0.4082286848 0.5972212039 0.8735359335 1.277969351 1.870448392 1.528002543 1.103964801 0.6236850248 0.1456390217 0.4339502124 0.9185271613 1.353401262 1.709617154 1.966042549 1.974723855 1.977990515
 0.04532476546 0.05879856657 0.08716235162 0.1300998041 0.1924793305 0.283115401 0.4153406206 0.6088070266 0.8924184434 1.308747988 1.920614709 1.568926077 1.137257018 0.6507845789 0.1656615108 0.4207911566 0.9079677693 1.34615804 1.705516294 1.96473534 1.972501287 1.977430817
 0.04549775853 0.05931356616 0.08810977919 0.1316779821 0.1950558008 0.2873089065 0.4221682839 0.6199302299 0.9105456458 1.338291413 1.968759191 1.608205996 1.169211839 0.6767736983 0.1851326733 0.4083801219 0.8978751918 1.339240196 1.701654094 1.963678025 1.970849959 1.976967599
 0.0456515392 0.05979120338 0.08899719042 0.1331618031 0.197482088 0.291260539 0.428603573 0.6304144223 0.9276301103 1.36613165 2.014120431 1.64521968 1.199322021 0.7012432523 0.2036315614 0.3968962869 0.8884069426 1.332764661 1.698116086 1.962953144 1.969970702 1.976636469
 0.045786416 0.06022619847 0.0898121687 0.1345288715 0.1997204566 0.2949080808 0.4345446977 0.6400935895 0.943401484 1.391828844 2.05598333 1.679382316 1.227111546 0.7238106076 0.2207956938 0.3864918461 0.8797073184 1.326835202 1.694966836 1.962596258 1.969946217 1.976453947
 0.04590267671 0.06061369884 0.09054328328 0.1357585425 0.2017361005 0.2981941411 0.439897789 0.6488147036 0.9576106975 1.414978016 2.093689926 1.710155787 1.252142748 0.7441249218 0.236310127 0.3772905436 0.8719054506 1.321540575 1.692247848 1.962592158 1.970729592 1.976415682
 0.04600058267 0.06094934841 0.09118025992 0.1368322404 0.2034976877 0.3010670569 0.4445783663 0.6564400948 0.9700337837 1.43521519 2.126649202 1.737056702 1.274022743 0.761871945 0.2499026769 0.3693880579 0.8651139779 1.316953839 1.68997833 1.962878485 1.972152831 1.976497842
 0.04608036391 0.06122934995 0.09171413358 0.137733743 0.2049778464 0.3034816956 0.4485126444 0.6628495625 0.9804752718 1.452222837 2.154345786 1.759663539 1.292409127 0.7767782855 0.2613422279 0.3628541864 0.8594282758 1.313132726 1.688158593 1.963356237 1.973954013 1.976661424
 0.04614221471 0.06145051949 0.09213738143 0.1384494288 0.2061535875 0.3054001521 0.4516386652 0.6679422008 0.98877112 1.465734572 2.176347472 1.77762279 1.307014884 0.788615098 0.2704385349 0.3577365138 0.8549261332 1.310120836 1.686775482 1.963905679 1.975818832 1.976858833
 0.04618629004 0.06161033201 0.09244403413 0.1389684842 0.207006657 0.3067923295 0.4539072413 0.6716379195 0.9947911593 1.475539073 2.192311483 1.790654096 1.317612474 0.7972011533 0.2770426719 0.3540650001 0.8516677424 1.307949333 1.685808961 1.964405354 1.977430097 1.977041683
 0.04621270265 0.06170695761 0.09262976402 0.1392830667 0.2075238147 0.3076363984 0.4552827008 0.673878645 0.998441021 1.481483166 2.201989414 1.798554282 1.324037047 0.8024052592 0.2810476694 0.3518567442 0.8496958651 1.306638795 1.685238803 1.96475138 1.978517498 1.977168633
 0.04622152102 0.06173928785 0.09269194898 0.1393884235 0.207697036 0.3079191286 0.455743426 0.6746291873 0.9996635289 1.483474059 2.205230798 1.801200283 1.32618877 0.8041480057 0.2823890926 0.3511201263 0.8490360497 1.30620084 1.685050323 1.964874005 1.978899943 1.977212032
