/rn,a,b/nx0/ls1
/r,qa,qb
246 -0.49 0.49 0 OUTPUT_AMPLITUDE_3D 0 0 0 0 0 Wavelength=1
10 0.1 0.19
 2.037300902 1.687002274 1.245728517 0.742368273 0.2460636721 0.4279006237 0.9411609607 1.41701282 1.815992379 2.114177745
 2.03680023 1.686549387 1.245336811 0.7420453975 0.2458119579 0.4279357488 0.9411373456 1.416892553 1.815762454 2.113816158
 2.035300471 1.685192834 1.244163606 0.7410784458 0.2450580711 0.4280410122 0.9410664736 1.416532749 1.815076262 2.112741689
 2.032808561 1.682938886 1.242214295 0.7394716899 0.2438043856 0.4282168939 0.9409499452 1.415938726 1.81394734 2.110987973
 2.029336022 1.679797967 1.239497846 0.7372322471 0.2420548879 0.4284641174 0.9407901771 1.415118621 1.812396254 2.108605623
 2.024898909 1.675784603 1.236026771 0.7343700772 0.2398152181 0.4287835436 0.9405900637 1.414082415 1.810447917 2.105654979
 2.019517733 1.670917364 1.231817081 0.7308979734 0.2370927153 0.4291760431 0.9403525836 1.412840803 1.808128486 2.102197666
 2.013217369 1.665218776 1.226888225 0.7268315413 0.2338964547 0.4296423641 0.9400804141 1.411404084 1.805462312 2.098288345
 2.00602693 1.658715221 1.22126301 0.7221891645 0.2302372669 0.4301830138 0.9397756172 1.40978125 1.802469452 2.093967973
 1.997979631 1.651436812 1.214967509 0.7169919506 0.226127731 0.4307981676 0.9394394477 1.407979428 1.799164134 2.089259678
 1.989112623 1.643417251 1.208030938 0.7112636573 0.2215821359 0.4314876178 0.9390723151 1.406003749 1.795554431 2.084167896
 1.979466807 1.63469366 1.200485527 0.7050305964 0.2166164094 0.4322507643 0.9386739051 1.403857681 1.791643168 2.078680919
 1.969086629 1.6253064 1.192366355 0.6983215182 0.211248019 0.4330866465 0.9382434412 1.401543744 1.787429931 2.072776405
 1.958019846 1.615298862 1.183711186 0.691167478 0.2054958509 0.4339940055 0.9377800435 1.399064504 1.78291382 2.066428964
 1.946317285 1.604717248 1.174560268 0.6836016873 0.199380079 0.4349713624 0.9372831252 1.396423669 1.778096494 2.059618564
 1.934032563 1.59361032 1.16495613 0.6756593551 0.1929220337 0.4360170952 0.9367527619 1.393627102 1.772984995 2.052338352
 1.921221806 1.582029146 1.154943355 0.6673775198 0.1861440822 0.4371294956 0.9361899711 1.390683573 1.767593867 2.044600602
 1.907943339 1.57002682 1.14456835 0.6587948773 0.1790695282 0.438306792 0.935596855 1.387605128 1.761946212 2.03643977
 1.894257358 1.557658167 1.13387909 0.6499516016 0.1717225346 0.4395471269 0.934976581 1.384406986 1.756073474 2.027912121
 1.880225598 1.54497944 1.122924861 0.6408891608 0.1641280701 0.4408484897 0.9343332 1.381106997 1.750013985 2.019091954
 1.865910969 1.532047992 1.111755981 0.6316501225 0.1563118751 0.4422086072 0.9336713304 1.377724703 1.743810458 2.010064992
 1.851377196 1.518921945 1.100423514 0.6222779458 0.1483004376 0.4436248091 0.932995757 1.374280183 1.737506846 2.000919988
 1.836688436 1.505659843 1.088978968 0.6128167552 0.1401209705 0.4450938848 0.9323110082 1.370792828 1.731145039 1.991739895
 1.821908899 1.492320294 1.077473978 0.6033110905 0.1318013771 0.4466119557 0.9316209808 1.367280259 1.724761925 1.982593987
 1.807102449 1.47896161 1.06595998 0.5938056302 0.1233701968 0.4481743829 0.9309286712 1.36375755 1.718387287 1.973532223
 1.79233222 1.465641439 1.054487872 0.5843448866 0.114856524 0.4497757289 0.930236059 1.360236874 1.712042853 1.964582726
 1.777660221 1.452416393 1.043107667 0.574972872 0.106289897 0.4514097815 0.929544162 1.356727628 1.705742658 1.955752793
 1.763146958 1.439341688 1.031868143 0.5657327401 0.09770016141 0.4530696408 0.9288532539 1.353237008 1.699494631 1.94703325
 1.748851056 1.426470785 1.020816497 0.556666409 0.08911731359 0.4547478611 0.9281632105 1.349770946 1.693303162 1.938405451
 1.734828913 1.413855047 1.009998002 0.5478141733 0.0805713377 0.4564366281 0.9274739282 1.346335231 1.687172201 1.929849764
 1.721134363 1.40154342 0.9994556845 0.5392143161 0.07209205054 0.4581279488 0.9267857442 1.342936642 1.681108379 1.921354159
 1.707818372 1.389582133 0.9892300218 0.5309027324 0.0637089728 0.4598138277 0.9260997888 1.33958389 1.67512363 1.912921473
 1.694928769 1.378014434 0.9793586713 0.5229125748 0.05545124901 0.4614864053 0.9254182099 1.336288211 1.669236855 1.904574121
 1.682510011 1.36688036 0.9698762339 0.5152739344 0.04734765055 0.4631380416 0.9247442263 1.333063485 1.66347434 1.896355455
 1.670602991 1.356216552 0.9608140614 0.508013565 0.03942673066 0.4647613364 0.9240820006 1.329925878 1.657868836 1.888327496
 1.659244894 1.346056113 0.9522001112 0.5011546617 0.03171731351 0.4663490886 0.9234363443 1.326893017 1.652457417 1.880565353
 1.648469101 1.336428515 0.9440588512 0.4947166991 0.02424991159 0.4678942088 0.9228123016 1.323982857 1.647278455 1.873149219
 1.638305142 1.327359556 0.9364112184 0.4887153368 0.01706153486 0.4693896074 0.9222146773 1.321212386 1.642368182 1.866155194
 1.628778699 1.318871374 0.9292746314 0.4831623944 0.01021879882 0.4708280857 0.9216475823 1.318596392 1.637757379 1.859646421
 1.61991167 1.310982502 0.922663057 0.4780658992 0.004056872914 0.4722022586 0.9211140748 1.316146485 1.633468747 1.853665957
 1.611722265 1.303707982 0.9165871285 0.4734302087 0.003860817367 0.4735045323 0.9206159536 1.31387053 1.629515372 1.848232536
 1.604225164 1.297059522 0.9110543147 0.4692562045 0.009325690369 0.4747271523 0.9201537446 1.311772603 1.62590055 1.843339949
 1.59743171 1.291045691 0.9060691333 0.465541558 0.0148173626 0.4758623259 0.9197268826 1.309853462 1.622619038 1.83896017
 1.591350136 1.285672162 0.9016334061 0.4622810613 0.01998741439 0.4769024086 0.9193340658 1.308111488 1.619659525 1.835049802
 1.585985829 1.280941974 0.8977465491 0.459467016 0.02477454659 0.4778401352 0.918973725 1.306543934 1.61700797 1.831558874
 1.581341613 1.276855828 0.8944058892 0.4570896723 0.02915052173 0.4786688643 0.9186445349 1.305148294 1.614651277 1.828440618
 1.577418048 1.273412394 0.8916070016 0.4551377026 0.03309632423 0.4793828042 0.9183458802 1.303923563 1.612580716 1.825660692
 1.574213739 1.270608626 0.8893440569 0.4535986992 0.03659733074 0.4799771877 0.9180781999 1.302871178 1.610794536 1.823204365
 1.571725641 1.26844008 0.8876101695 0.4524596766 0.03964193304 0.4804483706 0.9178431457 1.301995488 1.609299335 1.821080435
 1.569949355 1.266901222 0.8863977365 0.4517075632 0.04222105895 0.4807938415 0.9176435246 1.301303644 1.608109919 1.819321212
 1.568879412 1.26598571 0.8856987579 0.451329665 0.04432798022 0.4810121423 0.9174830254 1.30080493 1.607247652 1.81797845
 1.568509521 1.265686665 0.885505128 0.4513140846 0.04595823137 0.4811027173 0.9173657707 1.300509613 1.606737513 1.817115798
 1.5688328 1.265996896 0.8858088884 0.451650081 0.04710959258 0.4810657151 0.9172957597 1.300427497 1.606604324 1.816798912
 1.569841961 1.26690909 0.8866024371 0.4523283578 0.04778213623 0.4809017831 0.9172762947 1.300566407 1.606868706 1.817084731
 1.571529454 1.268415965 0.887878685 0.4533412712 0.04797835984 0.4806118896 0.9173094841 1.300930849 1.607543448 1.818011634
 1.573887573 1.270510364 0.8896311582 0.4546829504 0.04770344233 0.4801972092 0.9173959102 1.301521072 1.608630866 1.819592055
 1.57690851 1.273185309 0.8918540413 0.4563493287 0.04696567705 0.4796590945 0.917534523 1.302332716 1.610121636 1.82180883
 1.580584369 1.276434003 0.8945421643 0.4583380863 0.04577716017 0.478999143 0.9177227885 1.303357106 1.611995345 1.824616005
 1.584907127 1.280249786 0.8976909336 0.4606485092 0.04415486011 0.4782193528 0.9179570779 1.3045822 1.614222742 1.827944161
 1.589868565 1.28462604 0.9012962118 0.4632812716 0.04212228237 0.4773223412 0.9182332438 1.305994046 1.616769423 1.831709648
 1.595460148 1.289556066 0.9053541524 0.4662381535 0.0397121134 0.4763115907 0.9185472953 1.307578537 1.619600391 1.835826417
 1.601672879 1.295032916 0.9098609966 0.4695217058 0.0369705469 0.4751916782 0.9188960656 1.309323199 1.622684825 1.840218705
 1.608497125 1.301049199 0.9148128405 0.4731348782 0.03396459083 0.4739684443 0.9192777598 1.311218711 1.626000263 1.844832545
 1.615922418 1.307596869 0.9202053814 0.4770806248 0.03079469156 0.4726490655 0.9196922856 1.313259894 1.629535496 1.849644162
 1.623937243 1.314666995 0.9260336517 0.4813615024 0.02761644723 0.471242009 0.9201413041 1.315445976 1.633291615 1.85466369
 1.632528819 1.322249527 0.9322917496 0.4859792759 0.02467526113 0.4697568665 0.9206279764 1.317780067 1.637280951 1.859933339
 1.641682877 1.330333058 0.938972573 0.4909345416 0.02234754334 0.468204084 0.9211564385 1.320267868 1.641523943 1.865519974
 1.651383445 1.338904601 0.9460675636 0.4962263768 0.021138874 0.4665946236 0.9217310786 1.322915802 1.646044335 1.871502995
 1.66161265 1.347949366 0.9535664676 0.5018520226 0.02153038704 0.4649396061 0.9223557325 1.325728848 1.650863395 1.877959201
 1.672350526 1.357450572 0.9614571154 0.507806602 0.02369590323 0.4632499868 0.9230329321 1.328708422 1.65599405 1.884946908
 1.683574862 1.367389264 0.9697252269 0.5140828741 0.02742287734 0.4615363174 0.9237633428 1.331850671 1.661435895 1.892491839
 1.695261069 1.377744178 0.9783542435 0.5206710262 0.03233630174 0.45980863 0.9245455005 1.335145501 1.66717197 1.900577193
 1.707382081 1.388491621 0.9873251916 0.5275585016 0.03810333936 0.4580764626 0.9253759196 1.338576559 1.673167979 1.909139831
 1.719908298 1.399605399 0.9966165793 0.5347298666 0.04448576617 0.4563490221 0.9262495839 1.342122254 1.679374263 1.918073655
 1.732807562 1.411056775 1.006204332 0.5421667175 0.05132119816 0.454635455 0.9271607702 1.345757734 1.685730443 1.927240267
 1.746045183 1.422814476 1.016061766 0.5498476345 0.05849591906 0.4529451758 0.9281040948 1.34945757 1.692172178 1.936485766
 1.759583999 1.434844734 1.026159611 0.5577481852 0.06592541804 0.4512881941 0.9290756286 1.353198759 1.698639103 1.945661479
 1.773384486 1.447111379 1.036466073 0.5658409865 0.07354244521 0.4496753729 0.9300739026 1.35696358 1.705082738 1.954645526
 1.787404908 1.459575971 1.046946945 0.5740958258 0.08128997924 0.4481185635 0.9311006305 1.360741814 1.711473033 1.963361724
 1.801601508 1.472197974 1.05756577 0.5824798449 0.08911712648 0.4466305806 0.9321610113 1.364531908 1.717802346 1.971792412
 1.815928742 1.484934969 1.068284042 0.5909577815 0.09697675005 0.4452250065 0.9332635343 1.368340806 1.724085964 1.979982521
 1.830339543 1.497742911 1.079061449 0.5994922616 0.1048241316 0.4439158466 0.9344192888 1.372182357 1.730358749 1.988033415
 1.844785625 1.510576411 1.089856148 0.6080441283 0.1126162523 0.442717086 0.9356408686 1.376074464 1.736668124 1.996086557
 1.859217813 1.52338905 1.100625072 0.6165727915 0.1203114349 0.4416422216 0.9369410404 1.380035355 1.74306423 2.004298749
 1.8735864 1.536133717 1.111324248 0.6250365802 0.1278691746 0.4407038567 0.9383314083 1.384079546 1.749588617 2.01281215
 1.887841525 1.548762969 1.121909133 0.6333930807 0.1352500396 0.4399134427 0.9398213325 1.388214195 1.756263244 2.021723406
 1.901933568 1.561229404 1.132334954 0.6415994494 0.142415565 0.4392812403 0.9414173551 1.392436563 1.763081681 2.031056781
 1.915813566 1.573486051 1.142557061 0.6496126941 0.1493280926 0.4388165415 0.9431233299 1.396733208 1.770004321 2.040746062
 1.929433629 1.585486774 1.152531274 0.6573899293 0.1559505481 0.4385281584 0.9449413682 1.401081347 1.776958952 2.050629254
 1.942747381 1.597186688 1.16221426 0.6648886199 0.162246175 0.438425142 0.9468735892 1.405452526 1.783847436 2.060458592
 1.955710387 1.608542584 1.171563915 0.6720668368 0.1681782762 0.4385176508 0.9489245335 1.4098184 1.790558333 2.069926432
 1.968280597 1.619513379 1.180539786 0.6788835571 0.1737100346 0.4388178576 0.9511039645 1.414158059 1.796984429 2.07870523
 1.980418781 1.630060565 1.189103528 0.6852990424 0.1788044994 0.439340757 0.9534296763 1.418466016 1.803043194 2.08649742
 1.992088956 1.640148682 1.197219409 0.6912753289 0.1834248244 0.4401047288 0.955929859 1.422759736 1.808697521 2.093089006
 2.003258804 1.649745789 1.204854867 0.6967768533 0.1875348337 0.4411317251 0.9586445607 1.427085499 1.813973705 2.098399326
 2.013900055 1.658823938 1.211981112 0.7017712271 0.191099961 0.4424469693 0.9616258395 1.431521455 1.818973656 2.102519248
 2.023988854 1.667359637 1.218573757 0.706230153 0.1940885737 0.444078098 0.9649363086 1.43617697 1.823878832 2.105730949
 2.033506073 1.675334281 1.22461347 0.710130455 0.1964736427 0.4460537228 0.9686459431 1.441187738 1.828944244 2.108504517
 2.04243757 1.682734536 1.230086603 0.7134551724 0.1982346703 0.4484014406 0.9728272133 1.446706637 1.83448208 2.111469515
 2.050774379 1.68955266 1.234985764 0.7161946495 0.1993597373 0.4511453749 0.9775488164 1.452890834 1.840835787 2.115362885
 2.058512821 1.695786729 1.239310298 0.7183475334 0.1998474948 0.4543033856 0.9828684737 1.459886136 1.848346703 2.12095771
 2.065654519 1.701440755 1.243066615 0.7199215878 0.1997088954 0.457884135 0.9888254221 1.467810018 1.857316395 2.128979867
 2.072206314 1.706524667 1.246268344 0.7209342301 0.198968459 0.4618842529 0.9954333413 1.476735073 1.867968577 2.140021233
 2.078180076 1.71105415 1.248936262 0.7214127093 0.197664883 0.4662858816 1.002674503 1.486674713 1.880414843 2.154458901
 2.083592399 1.715050338 1.251097986 0.721393864 0.1958508467 0.4710549135 1.010495902 1.497572944 1.8946284 2.172389755
 2.088464199 1.718539339 1.252787408 0.7209234285 0.1935919284 0.4761402212 1.018808006 1.50929976 1.910429526 2.193589019
 2.092820211 1.721551633 1.254043899 0.7200548897 0.1909646268 0.4814741361 1.027486569 1.521653247 1.927485537 2.217499784
 2.096688402 1.724121333 1.254911293 0.7188479377 0.1880535744 0.4869743244 1.036377653 1.534368855 1.945326739 2.243257985
 2.100099319 1.726285353 1.255436701 0.7173665866 0.1849481156 0.492547064 1.045305674 1.547135525 1.96337807 2.269753654
 2.103085388 1.72808251 1.255669216 0.7156770768 0.181738503 0.4980917465 1.054083913 1.559617491 1.98100425 2.29572473
 2.105680193 1.729552593 1.255658574 0.7138456916 0.1785120195 0.503506249 1.062526598 1.571479838 1.997564301 2.319874955
 2.107917756 1.730735448 1.255453838 0.7119366332 0.1753493567 0.5086926765 1.070461407 1.582415254 2.012469817 2.341003225
 2.109831837 1.731670108 1.255102195 0.7100100995 0.172321562 0.5135628863 1.077741112 1.592169107 2.025240416 2.358129187
 2.111455285 1.732394008 1.254647894 0.7081206901 0.1694878138 0.5180431996 1.084253108 1.600560011 2.035549824 2.370599408
 2.112819449 1.732942309 1.254131415 0.7063162394 0.1668941904 0.5220777842 1.089925763 1.607493446 2.043256824 2.378160269
 2.113953657 1.733347346 1.253588866 0.7046371369 0.1645734929 0.5256303353 1.094730853 1.612966731 2.048417033 2.380987636
 2.114884782 1.733638213 1.253051634 0.7031161508 0.1625460664 0.5286838858 1.098681778 1.617064638 2.051273683 2.379668676
 2.115636896 1.733840484 1.252546277 0.7017787245 0.1608214692 0.5312387963 1.101827735 1.619945988 2.052228101 2.375137207
 2.116230989 1.733976042 1.252094619 0.7006436701 0.1594007635 0.5333091888 1.104244473 1.621822659 2.051793046 2.368569824
 2.11668477 1.734063024 1.251714005 0.699724149 0.1582791623 0.5349182683 1.106022675 1.622933286 2.050534089 2.361254834
 2.117012532 1.734115822 1.251417653 0.6990288042 0.1574487562 0.5360930946 1.107255229 1.623514563 2.049005605 2.354449216
 2.117225052 1.734145139 1.25121504 0.6985628976 0.1569010554 0.5368594236 1.108024826 1.62377329 2.047688491 2.349239882
 2.117329541 1.734158059 1.251112255 0.698329311 0.156629117 0.5372372158 1.108393231 1.623862243 2.046936475 2.346424562
 2.11732961 1.734158105 1.25111227 0.6983292884 0.1566290716 0.5372373271 1.108393406 1.623862486 2.046936792 2.346424961
 2.117225261 1.73414528 1.251215088 0.6985628313 0.1569009198 0.5368597552 1.108025347 1.623774013 2.047689438 2.349241075
 2.117012882 1.734116059 1.251417737 0.6990286982 0.1574485326 0.5360936397 1.107256086 1.623515757 2.049007169 2.354451188
 2.116685264 1.734063362 1.251714129 0.6997240098 0.1582788543 0.5349190155 1.106023855 1.622934933 2.050536249 2.361257561
 2.116231631 1.733976486 1.252094791 0.7006435067 0.1594003763 0.5333101226 1.104245957 1.621824733 2.051795772 2.368573272
 2.115637692 1.733841039 1.252546505 0.7017785482 0.1608210095 0.5312398972 1.101829497 1.61994846 2.052231356 2.375141333
 2.114885738 1.733638889 1.253051928 0.7031159748 0.1625455428 0.5286851306 1.098683788 1.61706747 2.051277422 2.379673427
 2.113954778 1.73334815 1.253589238 0.7046369763 0.1645729158 0.5256316977 1.094733077 1.61296988 2.048421202 2.38099295
 2.112820744 1.732943251 1.254131877 0.7063161109 0.1668935722 0.5220792351 1.089928163 1.607496862 2.043261363 2.378166073
 2.111456761 1.732395098 1.25464846 0.7081206113 0.1694871686 0.5180447078 1.084255643 1.600563643 2.035554667 2.370605622
 2.1098335 1.731671356 1.255102878 0.7100100888 0.172320906 0.5135644192 1.077743739 1.592172898 2.025245491 2.358135721
 2.107919615 1.730736864 1.255454653 0.7119367095 0.1753487076 0.5086942011 1.070464081 1.582419145 2.012475047 2.341009981
 2.105682255 1.729554187 1.255659533 0.7138458738 0.1785113964 0.5035077319 1.062529273 1.571483769 1.997569608 2.31988183
 2.103087659 1.728084291 1.255670334 0.7156773831 0.1817379258 0.4980931557 1.054086543 1.559621401 1.981009552 2.295731617
 2.100101805 1.726287329 1.255437989 0.7173670345 0.1849476049 0.492548369 1.045308216 1.547139355 1.963383286 2.269760443
 2.096691107 1.724123511 1.254912762 0.7188485434 0.1880531505 0.4869754972 1.036380066 1.534372547 1.945331792 2.243264568
 2.092823137 1.721554019 1.254045559 0.7200556675 0.1909643094 0.4814751521 1.027488816 1.521656748 1.927490353 2.217506057
 2.088467349 1.718541937 1.252789265 0.7209243909 0.1935917359 0.4761410596 1.018810053 1.509303024 1.910434038 2.193594888
 2.083595773 1.71505315 1.251100047 0.721395021 0.1958507959 0.471055558 1.010497721 1.497575931 1.894632551 2.172395134
 2.078183672 1.711057177 1.248938531 0.7214140681 0.1976649884 0.4662863205 1.002676073 1.486677389 1.880418584 2.154463719
 2.072210128 1.706527906 1.24627082 0.7209357952 0.1989687327 0.4618844796 0.9954346477 1.476737416 1.867971875 2.140025439
 2.065658545 1.701444204 1.243069297 0.7199233606 0.1997093463 0.4578841481 0.9888264575 1.467812015 1.857319228 2.128983427
 2.058517052 1.69579038 1.239313182 0.7183495119 0.1998481291 0.4543031887 0.9828692378 1.459887783 1.848349065 2.120960612
 2.050778806 1.689556504 1.234988843 0.7161968287 0.1993605577 0.4511449767 0.9775493166 1.452892141 1.840837688 2.115365139
 2.04244218 1.682738563 1.230089866 0.713457544 0.1982356764 0.4484008544 0.9728274642 1.446707619 1.834483543 2.111471154
 2.033510854 1.675338479 1.224616907 0.7101330076 0.1964748312 0.4460529663 0.968645966 1.441188424 1.828945307 2.108505594
 2.02399379 1.667363991 1.218577352 0.7062328725 0.194089938 0.4440771927 0.964936131 1.436177397 1.823879546 2.105731539
 2.013905128 1.65882843 1.211984848 0.7017740966 0.191101492 0.4424459402 0.961625494 1.431521667 1.818974083 2.102519441
 2.003263997 1.649750401 1.204858727 0.6967798536 0.1875365197 0.4411305998 0.9586440844 1.427085545 1.813973917 2.098399227
 1.99209425 1.640153395 1.197223371 0.691278439 0.1834266517 0.4401035369 0.9559292921 1.422759673 1.808697595 2.093088728
 1.980424154 1.630065359 1.189107572 0.6853022395 0.1788064523 0.4393395293 0.9534290612 1.418465901 1.803043212 2.086497083
 1.968286029 1.619518231 1.180543889 0.6788868174 0.1737120964 0.4388166254 0.951103344 1.41415795 1.796984473 2.078704952
 1.955715856 1.608547472 1.171568055 0.6720701359 0.1681804288 0.4385164447 0.94892395 1.409818355 1.790558485 2.06992633
 1.942752865 1.59719159 1.162218413 0.6648919333 0.1622483999 0.4384239915 0.9468730833 1.4054526 1.783847771 2.060458773
 1.929439107 1.585491669 1.152535418 0.6573932326 0.1559528265 0.438527091 0.9449409774 1.40108159 1.77695954 2.050629815
 1.915819015 1.573490916 1.142561174 0.6496159638 0.149330406 0.4388155818 0.9431230877 1.396733665 1.77000522 2.040747084
 1.901938968 1.561234219 1.132339016 0.6416026634 0.1424178952 0.4392804094 0.94141729 1.392437271 1.763082943 2.03105833
 1.887846855 1.548767714 1.121913122 0.6333962182 0.1352523691 0.4399127578 0.9398214674 1.388215183 1.756264905 2.021725531
 1.873591642 1.536138373 1.111328148 0.6250396227 0.1278714869 0.4407033305 0.9383317596 1.384080834 1.749590704 2.01281488
 1.859222948 1.5233936 1.100628866 0.6165757227 0.1203137147 0.441641862 0.9369416181 1.380036955 1.743066754 2.004302097
 1.844790637 1.51058084 1.089859821 0.6080469344 0.1126184854 0.442716896 0.9356416755 1.376076377 1.736671085 1.996090518
 1.830344417 1.497747205 1.079064989 0.5994949317 0.104826305 0.4439158242 0.9344203209 1.372184576 1.730362135 1.988037969
 1.815933465 1.484939117 1.068287441 0.5909603075 0.09697885187 0.4452251446 0.9332647806 1.368343314 1.72408975 1.979987633
 1.801606068 1.472201965 1.057569019 0.5824822218 0.08911914571 0.4466308673 0.9321624544 1.36453468 1.717806497 1.971798032
 1.787409295 1.459579799 1.04695004 0.5740980517 0.08129190537 0.4481189826 0.9311022467 1.360744816 1.711477502 1.963367793
 1.773388692 1.447115037 1.036469011 0.5658430621 0.07354426774 0.4496759039 0.9300756626 1.356966771 1.705087471 1.95465197
 1.759588018 1.434848218 1.026162392 0.5577501141 0.06592712567 0.4512888132 0.9290774979 1.353202091 1.698644035 1.945668214
 1.746049008 1.422817783 1.016064391 0.5498494228 0.05849749855 0.4529458559 0.9281060346 1.349460989 1.692177236 1.936492701
 1.732811191 1.411059906 1.006206804 0.5421683736 0.05132263263 0.4546361669 0.9271627384 1.345761181 1.685735549 1.927247299
 1.719911726 1.399608352 0.9966189037 0.5347314008 0.04448703255 0.4563497351 0.9262515357 1.342125666 1.679379332 1.918080674
 1.707385309 1.388494399 0.9873273741 0.5275599257 0.03810440472 0.458077145 0.9253778088 1.338579873 1.673172923 1.90914672
 1.695264094 1.377746783 0.9783562908 0.520672353 0.03233711867 0.4598092506 0.9245472804 1.335148651 1.667176699 1.90058383
 1.683577685 1.367391699 0.9697271461 0.5140841172 0.02742338106 0.4615368459 0.9237649676 1.33185359 1.661440318 1.892498098
 1.672353146 1.357452839 0.9614589139 0.5078077751 0.02369602101 0.4632503947 0.9230343578 1.328711047 1.655998077 1.884952666
 1.661615068 1.347951469 0.9535681524 0.501853139 0.02153007858 0.4649398676 0.9223569184 1.32573112 1.650866941 1.877964334
 1.651385661 1.338906542 0.946069141 0.4962274488 0.02113818987 0.4665947168 0.9217319884 1.322917667 1.646047321 1.871507388
 1.64168489 1.330334839 0.9389740484 0.4909355803 0.02234661988 0.468203991 0.9211570412 1.320269279 1.641526299 1.865523525
 1.632530629 1.322251149 0.932293127 0.4859802907 0.02467424306 0.4697565746 0.9206282477 1.317780986 1.63728262 1.859935959
 1.623938848 1.314668458 0.9260349335 0.4813625002 0.02761543848 0.4712415108 0.9201412269 1.315446373 1.63329255 1.854665309
 1.615923816 1.307598172 0.920206568 0.4770816102 0.03079375664 0.4726483594 0.919691851 1.313259753 1.62953567 1.849644733
 1.608498312 1.301050339 0.9148139305 0.4731358528 0.03396377036 0.4739675349 0.9192769671 1.311218027 1.625999664 1.844832046
 1.60167385 1.295033889 0.9098619861 0.469522668 0.03696986927 0.4751905761 0.918894923 1.309321978 1.622683458 1.840217139
 1.595460897 1.289556866 0.9053550353 0.4662390986 0.03971160117 0.4763103123 0.9185458196 1.307576798 1.619598278 1.835823813
 1.589869086 1.284626658 0.9012969798 0.4632821914 0.04212195542 0.4773209089 0.9182314602 1.305991821 1.616766606 1.831706061
 1.584907411 1.280250214 0.8976915761 0.4606493923 0.0441547371 0.4782177938 0.9179550194 1.304579532 1.614219277 1.827939669
 1.580584407 1.276434231 0.8945426685 0.4583389179 0.04577725905 0.4789974891 0.917720495 1.303354046 1.611991302 1.824610707
 1.576908293 1.273185324 0.8918543926 0.456350091 0.0469660151 0.4796573815 0.9175320408 1.302329326 1.6101171 1.821802843
 1.57388709 1.270510154 0.8896313403 0.4546836229 0.04770403601 0.4801954758 0.9173932905 1.30151742 1.608625928 1.819585507
 1.571528694 1.268415516 0.8878786805 0.453341831 0.04797922439 0.4806101763 0.9173067816 1.300927009 1.60753821 1.818004664
 1.569840914 1.266908389 0.8866022274 0.4523287801 0.04778328528 0.4809001314 0.9172735666 1.300562457 1.606863273 1.817077482
 1.568831455 1.265995928 0.8858084549 0.4516503395 0.04711103763 0.4810641667 0.9172930644 1.300423516 1.606598802 1.816791528
 1.568507867 1.265685418 0.8855044519 0.4513141524 0.0459599813 0.4811013128 0.9173631659 1.300505681 1.60673201 1.817108421
 1.568877441 1.265984171 0.8856978211 0.4513295149 0.04433004078 0.4810109202 0.9174805674 1.300801123 1.60724227 1.817971216
 1.56994706 1.266899379 0.8863965221 0.451707169 0.04222343226 0.4807928371 0.9176412663 1.301300036 1.608104758 1.819314251
 1.571723014 1.268437925 0.8876086625 0.4524590135 0.03964461707 0.4804476157 0.917841136 1.301992147 1.609294486 1.821073866
 1.574210778 1.27060615 0.8893422446 0.4535977449 0.03660031886 0.4799767091 0.9180764822 1.302868165 1.610790082 1.823198296
 1.577414751 1.273409593 0.8916048742 0.4551364377 0.03309960464 0.4793826236 0.9183444917 1.303920933 1.612576731 1.82565522
 1.581337982 1.276852702 0.8944034404 0.4570880816 0.02915407682 0.4786689973 0.9186435052 1.305146091 1.614647824 1.828435825
 1.585981869 1.280938524 0.8977437766 0.4594650892 0.02477835172 0.4778405912 0.9189730762 1.306542193 1.617005099 1.83155483
 1.591345855 1.285668393 0.901630312 0.4622787933 0.01999143504 0.4769031903 0.919333811 1.308110233 1.619657272 1.835046559
 1.59742712 1.291041614 0.9060657241 0.46553895 0.01482154458 0.4758634292 0.9197270263 1.309852706 1.622617427 1.838957765
 1.60422028 1.29705515 0.9110506021 0.469253264 0.009329907996 0.4747285662 0.9201542818 1.311772346 1.625899589 1.843338401
 1.611717105 1.303703334 0.9165831291 0.4734269501 0.003864163061 0.4735062393 0.9206168701 1.313870761 1.629515052 1.848231844
 1.619906257 1.310977599 0.9226587922 0.4780623436 0.004052772786 0.4722042347 0.921115347 1.316147179 1.633469044 1.853666098
 1.62877306 1.318866242 0.9292701278 0.4831585696 0.01021405612 0.470830301 0.921649178 1.318597513 1.637758252 1.859647353
 1.638299305 1.327354226 0.9364065068 0.4887112771 0.01705675527 0.4693920265 0.9222165555 1.321213886 1.642369573 1.86615685
 1.648463099 1.336423019 0.9440539668 0.4947124444 0.0242451814 0.4678967917 0.922814414 1.323984677 1.647280293 1.87315151
 1.659238762 1.346050487 0.9521950927 0.5011502571 0.03171268981 0.4663517913 0.9234386353 1.326895087 1.652459613 1.880568168
 1.670596764 1.356210835 0.9608089504 0.5080090598 0.03942226635 0.4647641122 0.9240844093 1.32992812 1.657871289 1.888330703
 1.682503728 1.366874592 0.9698710742 0.5152693808 0.04734339696 0.4631408417 0.9247466873 1.333065815 1.663476939 1.896358905
 1.69492247 1.378008655 0.9793535084 0.5229080271 0.05544725572 0.4614891801 0.9254206549 1.336290537 1.669239479 1.904577652
 1.707812096 1.389576386 0.9892249016 0.5308982456 0.06370528688 0.4598165278 0.9261021484 1.339586121 1.675126155 1.912924914
 1.721128148 1.401537746 0.9994506524 0.5392099447 0.0720887157 0.4581305264 0.9267879492 1.342938684 1.681110679 1.921357334
 1.734822799 1.413849486 1.009993103 0.54780997 0.08056839341 0.4564390377 0.9274759118 1.346336994 1.687174152 1.929852501
 1.748845079 1.426465376 1.020811773 0.5566624236 0.08911479432 0.4547500608 0.9281649094 1.349772344 1.693304646 1.938407585
 1.763141153 1.439336468 1.031863633 0.5657290183 0.09769809585 0.4530715934 0.9288546105 1.353237961 1.699495539 1.94703463
 1.77765462 1.452411394 1.043103406 0.5749694545 0.1062883075 0.451411455 0.9295451257 1.356728067 1.705742894 1.955753285
 1.792326852 1.465636691 1.054483892 0.5843418081 0.1148554259 0.4497770975 0.9302365874 1.360236741 1.712042338 1.964582218
 1.807097339 1.478957139 1.065956307 0.5938029189 0.1233695984 0.4481754272 0.9309287313 1.3637568 1.718385958 1.973530631
 1.821904069 1.49231612 1.077470634 0.6033087673 0.1318012788 0.4466126635 0.93162055 1.36727886 1.724759741 1.982591253
 1.836683904 1.505655983 1.088975968 0.6128148337 0.1401213652 0.4450942512 0.9323100749 1.370790765 1.731141979 1.991735992
 1.851372974 1.518918411 1.100420867 0.6222764318 0.1483013103 0.4436248361 0.9329943208 1.374277456 1.737502911 2.000914919
 1.865907066 1.53204479 1.11175369 0.631649014 0.1563132034 0.4422083042 0.9336694023 1.377721328 1.74380567 2.010058787
 1.880222019 1.544976571 1.122922923 0.6408884485 0.1641298243 0.4408478725 0.9343308021 1.381103004 1.750008387 2.019084675
 1.894254103 1.557655627 1.133877497 0.6499512689 0.1717246781 0.4395462177 0.934973746 1.384402423 1.756067129 2.027903854
 1.907940402 1.570024601 1.144567088 0.6587949008 0.179072018 0.4383056185 0.9355936256 1.387600053 1.7619392 2.036430624
 1.921219181 1.582027237 1.154942405 0.66737787 0.1861468697 0.4371280906 0.9361863989 1.390678059 1.767586287 2.044590707
 1.934030238 1.593608703 1.164955468 0.675659997 0.1929250654 0.4360154952 0.9367489066 1.393621231 1.772976956 2.052327857
 1.946315246 1.604715905 1.174559867 0.6836025815 0.1993832974 0.4349696072 0.9372790528 1.396417532 1.77808812 2.05960763
 1.958018077 1.61529777 1.183711016 0.6911685812 0.2054991953 0.4339921372 0.9377758252 1.3990582 1.782905242 2.066417763
 1.969085109 1.625305533 1.192366382 0.6983227846 0.2112514267 0.4330847083 0.938239152 1.401537378 1.787421286 2.072765118
 1.979465517 1.634692994 1.200485716 0.7050319783 0.2166198169 0.4322488 0.9386696221 1.403851359 1.791634598 2.078669731
 1.989111541 1.643416758 1.208031255 0.7112651064 0.2215854795 0.4314856705 0.9390681159 1.405997578 1.795546078 2.084156991
 1.997978735 1.651436464 1.214967917 0.716993419 0.2261309487 0.4307962793 0.9394354089 1.407973513 1.799156139 2.089249238
 2.006026198 1.658714992 1.221263476 0.7221906054 0.2302402987 0.4301812242 0.9397718129 1.409775696 1.80246195 2.093958176
 2.013216781 1.665218639 1.226888714 0.7268329106 0.2338992442 0.4296407104 0.9400769143 1.411398986 1.805455433 2.098279358
 2.01951727 1.670917296 1.231817564 0.7308992302 0.2370952107 0.4291745591 0.9403494531 1.412836252 1.808122348 2.102189644
 2.024898552 1.675784583 1.236027219 0.7343711847 0.2398173729 0.4287822592 0.9405873605 1.414078491 1.810442627 2.105648063
 2.029335756 1.679797974 1.239498234 0.7372331732 0.242056662 0.4284630582 0.9407879515 1.415115394 1.812391904 2.108599935
 2.032808374 1.682938906 1.242214604 0.7394724083 0.243805746 0.4282160808 0.9409482387 1.415936254 1.813944009 2.110983615
 2.035300351 1.685192854 1.244163821 0.7410789362 0.2450589924 0.4280404611 0.9410653179 1.416531075 1.815074007 2.112738739
 2.036800172 1.686549399 1.245336922 0.7420456462 0.2458124229 0.4279354705 0.9411367623 1.416891708 1.815761317 2.11381467
 2.037300902 1.687002274 1.245728517 0.742368273 0.2460636721 0.4279006237 0.9411609607 1.41701282 1.815992379 2.114177745
