/rn,a,b/nx0/ls1
/r,qa,qb
246 -0.49 0.49 0 OUTPUT_AMPLITUDE_3D 0 0 0 0 0 Wavelength=1
22 0 0.21
 0.011723809 0.01342762182 0.01774017876 0.02509299442 0.03648766181 0.05366455451 0.07935295251 0.1177106591 0.1750289688 0.2608243281 0.3895160511 0.4768842126 0.5438238126 0.5852410051 0.5977866792 0.580013784 0.5324509631 0.4576086246 0.3599901272 0.2464481251 0.1061177186 0.06034886005
 0.01171681534 0.0134178937 0.01772541848 0.02506958786 0.03644985371 0.05360309462 0.07925287422 0.1175476706 0.1747636005 0.2603924408 0.3888134399 0.4762974901 0.5433308786 0.5848231249 0.5974275419 0.5796982832 0.532163039 0.4573263161 0.3596722807 0.2459926223 0.1067765442 0.05957858796
 0.0116959872 0.01338890241 0.01768140953 0.02499978074 0.03633708061 0.05341976145 0.07895433283 0.1170614521 0.1739719545 0.2591040147 0.386717342 0.4745471174 0.541860296 0.5835764845 0.5963562959 0.5787576344 0.5313057412 0.4564885742 0.3587359966 0.2446671395 0.1087113831 0.05735163333
 0.01166178867 0.01334120683 0.01760892102 0.0248847283 0.03615115698 0.05311746066 0.07846201728 0.1162595912 0.1726663179 0.2569789461 0.3832599613 0.4716601785 0.5394349723 0.5815207231 0.5945902756 0.5772081638 0.5298967452 0.4551198243 0.3572266636 0.2425804677 0.1116944574 0.05409386231
 0.0116149805 0.01327572631 0.01750922025 0.02472633547 0.03589507586 0.05270098631 0.07778366512 0.1151546102 0.1708669717 0.2540500794 0.3784944656 0.4676813655 0.536092686 0.5786881949 0.5921579627 0.5750765118 0.5279644489 0.4532583328 0.3552135331 0.2398949839 0.1152664936 0.05039774539
 0.01155660126 0.01319372274 0.0173840512 0.02452722673 0.03557296309 0.05217694914 0.07692994862 0.1137637844 0.1686019 0.250362742 0.3724942431 0.4626723187 0.5318855003 0.5751234228 0.5890984056 0.5723988452 0.5255465413 0.4509529631 0.3527813323 0.2368023463 0.1187341444 0.04686693817
 0.01148794161 0.01309677589 0.01723560478 0.02429070422 0.03519001389 0.05155367717 0.07591431696 0.1121088908 0.1659063881 0.2459741013 0.3653518742 0.4567107169 0.5268789575 0.5708823546 0.5854604493 0.5692198577 0.5226882599 0.4482593349 0.3500205558 0.2334963552 0.1212749461 0.04396970387
 0.01141051206 0.01298675218 0.01706648114 0.02402069477 0.03475241243 0.05084108973 0.07475279638 0.1102158887 0.1628225129 0.240952351 0.3571778311 0.449889127 0.5211510673 0.5660314442 0.5813018162 0.5655916429 0.5194405475 0.4452359389 0.3470179572 0.2301476916 0.1221169543 0.04199089017
 0.01132600516 0.01286576751 0.01687964449 0.02372168626 0.03426723532 0.05005054622 0.07346375003 0.1081145372 0.1593985315 0.2353757347 0.3480989203 0.4423136285 0.5147911051 0.5606465788 0.5766880746 0.5615725232 0.5158583133 0.4419407358 0.3438486333 0.2268842632 0.1207246175 0.04112535722
 0.01123625294 0.01273614473 0.01667837106 0.02339865411 0.03374233992 0.04919467102 0.07206760022 0.1058379522 0.155688175 0.2293314179 0.3382564825 0.4341022295 0.5078982398 0.5548118744 0.571691532 0.5572259101 0.5119989714 0.4384286693 0.3405707565 0.2237793222 0.1169340283 0.04160705089
 0.01114318103 0.01260036656 0.0164661908 0.02305697874 0.03318623883 0.04828715664 0.0705865156 0.1034221077 0.1517498518 0.2229142188 0.3278043711 0.4253830903 0.5005800082 0.5486183624 0.5663900817 0.5526192456 0.5079213703 0.4347503642 0.3372235636 0.2208480551 0.1110067685 0.04367685853
 0.01104876085 0.01246102502 0.01624682399 0.02270235511 0.03260796195 0.04734254686 0.06904406647 0.1009052856 0.1476457696 0.2162252076 0.3169067221 0.4162925765 0.4929506572 0.5421625854 0.5608660232 0.5478230504 0.5036851507 0.4309520822 0.333828729 0.2180524132 0.1035910736 0.04735013601
 0.01095496176 0.01232076867 0.01602411362 0.02234069567 0.03201690785 0.04637600259 0.06746485153 0.0983274787 0.1434409813 0.2093701854 0.3057355341 0.4069731604 0.4851293745 0.5355451198 0.5552048669 0.5429100738 0.4993504955 0.4270768135 0.3303947964 0.2153134971 0.09559127447 0.05222052642
 0.01086370499 0.01218224896 0.01580195506 0.0219780282 0.0314226865 0.04540305312 0.06587410025 0.0957297534 0.139202364 0.202458051 0.2944680688 0.3975711949 0.4772384282 0.528869041 0.5494941236 0.5379545162 0.4949781618 0.4231662024 0.3269239248 0.2125303587 0.08796192099 0.05751368636
 0.01077682146 0.01204806754 0.01558422457 0.02162039045 0.0308349559 0.04443933625 0.06429725542 0.09315357711 0.1349975361 0.1955990663 0.2832840818 0.3882345839 0.4694012414 0.5222383452 0.5438220758 0.5330312762 0.4906296404 0.4192628725 0.3234198553 0.2096032289 0.08147650044 0.06231682549
 0.01069601538 0.01192072616 0.01537470839 0.02127372381 0.03026325534 0.04350033135 0.06275954172 0.09064011918 0.1308937263 0.1889030295 0.27236289 0.3791103799 0.4617404249 0.5157563446 0.5382765249 0.5282151665 0.4863672617 0.4154126487 0.3198957643 0.2064579485 0.07656885192 0.06581007713
 0.01062283541 0.01180258109 0.01517703459 0.02094376838 0.02971683907 0.04260109053 0.0612855277 0.08822953518 0.1269566043 0.1824773716 0.2618802878 0.3703423424 0.4543758011 0.5095240528 0.5329435112 0.5235800494 0.4822540773 0.4116661837 0.3163806039 0.2030673305 0.07334677419 0.06742534739
 0.01055865458 0.01169580357 0.01499460946 0.02063596237 0.02920451403 0.04175597375 0.05989869011 0.08596024814 0.1232490938 0.1764251989 0.2520053306 0.3620685011 0.4474224507 0.5036385846 0.5279060115 0.5191978564 0.4783533856 0.4080795896 0.3129227108 0.1994649634 0.07175941149 0.06693139047
 0.01050465973 0.01160234791 0.01483056081 0.02035534861 0.02873448638 0.04097839494 0.05862099196 0.08386824434 0.119830195 0.1708433209 0.2428970339 0.3544187754 0.4409888219 0.4981915964 0.5232426276 0.5151374811 0.4747278318 0.4047138428 0.309589901 0.1957480266 0.07174563043 0.06445551109
 0.0104618503 0.01152392801 0.01468768969 0.02010649112 0.02831422136 0.04028058713 0.05747248737 0.08198640616 0.1167538521 0.1658203204 0.2347010729 0.3475127102 0.4351749438 0.4932677976 0.5190262896 0.5114635642 0.4714380891 0.4016329397 0.3064659054 0.1920679313 0.0732030496 0.06044899438
 0.01043104554 0.01146200271 0.01456843203 0.01989340439 0.02795032104 0.03967339437 0.05647096794 0.08034390792 0.1140679149 0.1614347514 0.2275466246 0.3414574004 0.4300707876 0.4889435694 0.5153230096 0.5082352143 0.4685412043 0.3989009993 0.3036436948 0.1886105002 0.07581887952 0.05560427989
 0.01041289861 0.01141776956 0.01447483102 0.01971949726 0.02764842412 0.03916609848 0.05563166505 0.07896570314 0.1118132462 0.1577535669 0.2215435523 0.3363456728 0.4257548189 0.4852857251 0.5121907242 0.5055047334 0.4660887551 0.3965786879 0.3012168269 0.1855700528 0.07896524467 0.05073706364
 0.01040791505 0.01139216602 0.01440852009 0.01958753265 0.02741313056 0.03876628646 0.05496702108 0.07787212916 0.1100230324 0.1548308923 0.2167801725 0.3322545969 0.4222927784 0.4823504435 0.5096782706 0.503316426 0.4641250004 0.3947194477 0.2992702543 0.183123164 0.08179239888 0.04665303386
 0.01041647303 0.01138587622 0.01437071576 0.01949960326 0.02724795243 0.03847976254 0.05448653785 0.07707864885 0.108722339 0.1527072464 0.2133218383 0.3292443771 0.4197367211 0.4801824061 0.5078245347 0.501705571 0.4626852199 0.3933660313 0.29787201 0.1814073223 0.0834648955 0.04402325837
 0.01043884243 0.01139934139 0.01436221892 0.01945712204 0.02715529035 0.03831050488 0.054196705 0.07659573719 0.107927935 0.1514092675 0.2112105011 0.3273576572 0.4181243316 0.4788141536 0.5066578038 0.5006976289 0.461794412 0.3925477776 0.2970668733 0.1805073798 0.08340735328 0.04328762305
 0.01047520031 0.01143277149 0.01438342248 0.01946082558 0.02713643321 0.03826066389 0.05410100311 0.07642890539 0.1076483759 0.1509499405 0.2104652671 0.3266192364 0.4174785194 0.4782656744 0.5061953456 0.5003077323 0.4614664798 0.3922789455 0.296872675 0.1804497835 0.08147266004 0.04459015391
 0.01052564038 0.01148615613 0.014434323 0.0195107875 0.02719157708 0.03833059534 0.05419996999 0.07657884059 0.1078843028 0.1513292411 0.2110837877 0.327036163 0.4178072846 0.4785442224 0.5064432199 0.5005404888 0.461703973 0.3925582691 0.2972794785 0.1812027803 0.07800149286 0.04774402077
 0.01059017533 0.01155927303 0.01451453452 0.0196064389 0.02731985841 0.0385189197 0.05449131329 0.07704162761 0.1086288889 0.1525350503 0.2130441677 0.3285981455 0.4191038326 0.4796443552 0.50739632 0.5013900909 0.4624983934 0.3933697497 0.2982515728 0.1826809877 0.07375951894 0.05224109116
 0.01066873151 0.01165169307 0.01462330247 0.01974659315 0.02751939679 0.03882259842 0.05497005124 0.07780901505 0.1098683535 0.1545441674 0.2163070026 0.3312782034 0.4213469085 0.4815481743 0.5090386242 0.5028407106 0.463831007 0.394684558 0.2997320086 0.1847542171 0.06973746556 0.05732353061
 0.01076113639 0.01176278178 0.01475951702 0.01992947268 0.02778734301 0.03923701913 0.05562866516 0.07886869199 0.1115824717 0.157323264 0.2208171983 0.335033482 0.4245013189 0.4842257461 0.5113436335 0.5048671275 0.4656740574 0.396463802 0.3016492222 0.1872614985 0.06683007141 0.06210714878
 0.01086710025 0.01189169778 0.01492172542 0.02015273686 0.02811992971 0.03975608404 0.05645725219 0.08020455206 0.113745032 0.1608296805 0.2265053582 0.3398061661 0.4285186099 0.4876356791 0.5142749627 0.5074355305 0.4679922341 0.3986618127 0.3039250408 0.1900306093 0.06552476571 0.06572729556
 0.0109861942 0.0120373894 0.01510814379 0.02041351049 0.02851252365 0.04037229924 0.05744367374 0.08179693574 0.1163242254 0.1650120353 0.2332886987 0.3455244541 0.4333378779 0.4917258356 0.5177870519 0.5105044221 0.4707442305 0.4012295368 0.3064830854 0.1929012525 0.06583788476 0.0674803199
 0.01111782713 0.01219859127 0.01531666958 0.02070841388 0.02895968007 0.04107686534 0.05857370062 0.08362285518 0.1192829791 0.1698106878 0.2410716023 0.3521035778 0.4388866923 0.4964341552 0.5218259659 0.5140255581 0.4738842223 0.4041175982 0.3092563747 0.1957477589 0.06757766814 0.0669402348
 0.0112612243 0.01237382246 0.01554489598 0.02103359561 0.02945520082 0.04185977256 0.05983116146 0.08565621595 0.1225792695 0.1751581355 0.2497460095 0.3594468756 0.4450821214 0.5016895757 0.5263302533 0.517944862 0.4773631192 0.4072786318 0.3121929269 0.1984962464 0.07067057427 0.06403509367
 0.01141541033 0.01256138832 0.01579012984 0.0213847697 0.02999219854 0.04270990428 0.06119810274 0.08786805445 0.1261664551 0.1809794418 0.259191868 0.3674469443 0.4518318548 0.507413036 0.5312318436 0.5222032699 0.481129482 0.4106685942 0.3152584269 0.2011321362 0.07522605816 0.0590728183
 0.01157919877 0.01275938725 0.01604941431 0.02175725872 0.03056316929 0.04361515344 0.06265496934 0.09022680952 0.1299936713 0.1871927788 0.2692778175 0.3759868935 0.4590354218 0.5135185544 0.5364569693 0.5267374831 0.4851300523 0.414246913 0.3184355251 0.2036963816 0.08129748076 0.05271219903
 0.01175118999 0.01296572364 0.0163195574 0.02214604388 0.03116007537 0.04456255511 0.06418081234 0.09269864235 0.1340063133 0.1937101427 0.279862223 0.3849417302 0.4665855037 0.5199143739 0.5419271062 0.5314806278 0.4893099094 0.4179755195 0.3217199443 0.2062716614 0.08858482143 0.04587821772
 0.01192977823 0.01317812748 0.01659716669 0.02254582293 0.03177443937 0.04553843724 0.06575352801 0.09524781228 0.1381466237 0.2004382685 0.290794599 0.3941798836 0.4743693402 0.5265041724 0.5475599365 0.5363628455 0.4936123286 0.4218169868 0.3251141154 0.2089620286 0.09635123597 0.03961567789
 0.01211316819 0.01339418069 0.01687869045 0.02295107572 0.03239744954 0.04652858986 0.06735012873 0.09783710982 0.142354385 0.2072797413 0.3019174069 0.4035648749 0.4822702224 0.5331883329 0.553270343 0.5413118571 0.4979784724 0.4257321388 0.3286194241 0.2118703019 0.1035992026 0.03486531801
 0.01229940051 0.01361134979 0.01716046461 0.02335613694 0.03302007576 0.04751845133 0.06894704321 0.1004283419 0.1465677064 0.2141342798 0.3130681689 0.4129571182 0.4901690655 0.5398652727 0.5589714468 0.5462535544 0.5023470788 0.4296775787 0.332228286 0.2150768101 0.1093597448 0.03219142179
 0.01248638518 0.0138270239 0.01743876472 0.02375527504 0.03363319427 0.04849330896 0.07052044128 0.1029828599 0.1507238875 0.2209001568 0.3240818222 0.4222158322 0.497946047 0.5464328234 0.5645757028 0.5511126812 0.5066543223 0.4336036107 0.3359172185 0.2186216273 0.1129491106 0.03165503151
 0.01267194137 0.01403855719 0.01770986192 0.02414277567 0.03422771914 0.04943851028 0.07204657673 0.1054621197 0.1547603356 0.2274757118 0.3347932283 0.4312010301 0.5054822925 0.5527896562 0.5699960624 0.5558136529 0.5108340106 0.437452986 0.3396419262 0.2224912872 0.11412694 0.03301947269
 0.01285384206 0.01424331431 0.0179700815 0.02451302819 0.03479473771 0.05033968063 0.07350214065 0.1078282582 0.1586155129 0.2337609115 0.3450397571 0.4397755547 0.5126615872 0.558836739 0.575147205 0.5602815538 0.5148182353 0.4411608126 0.3433352154 0.2266108477 0.1131388939 0.03602309054
 0.01302986156 0.01443871756 0.01821586267 0.02486061319 0.03532564738 0.05118294253 0.0748646174 0.110044675 0.1622298898 0.2396589179 0.3546638721 0.4478071168 0.5193720885 0.5644788071 0.5799468312 0.5644433206 0.5185385385 0.4446558167 0.3469082965 0.2308428761 0.1106424366 0.04035931404
 0.01319782432 0.01462229446 0.0184438182 0.02518038929 0.03581229077 0.05195513218 0.07611263571 0.1120766052 0.1655468814 0.2450776239 0.3635156525 0.4551703004 0.5255080112 0.5696258266 0.5843169975 0.5682290945 0.5219275756 0.4478629642 0.3502556785 0.2349953872 0.1075271432 0.04550787819
 0.01335565329 0.01479172438 0.01865079258 0.02546757746 0.03624708658 0.05264400875 0.07722630752 0.1138916703 0.1685137481 0.2499311253 0.3714552007 0.4617484943 0.5309712557 0.5741944222 0.5881854602 0.5715736907 0.5249211765 0.4507072386 0.3532633637 0.2388399571 0.1046723903 0.05071363741
 0.01350141652 0.01494488324 0.01883391736 0.02571784094 0.03662315364 0.05323845242 0.07818754797 0.115460399 0.1710824423 0.2541410998 0.3783548875 0.4674357154 0.5356729501 0.5781092392 0.5914869868 0.5744181067 0.5274606319 0.4531181717 0.355819463 0.2421389866 0.1027339853 0.05513892572
 0.01363337071 0.01507988515 0.01899066267 0.02592735959 0.03693442582 0.05372864746 0.07898037085 0.1167567054 0.1732103855 0.2576380703 0.3841014014 0.4721382904 0.5395348755 0.5813042074 0.5941645857 0.5767109743 0.5294949796 0.4550345625 0.3578257911 0.2446782556 0.1020678828 0.05806510884
 0.01375000077 0.01519512022 0.01911888392 0.02609289705 0.03717575581 0.0541062474 0.07959115442 0.1177583191 0.174861165 0.2603625314 0.388597571 0.4757763663 0.5424907482 0.5837236744 0.5961706048 0.5784098506 0.5309830426 0.4564087401 0.3592086394 0.2462987674 0.1028176016 0.05905779106
 0.01385005464 0.01528928773 0.01921686275 0.02621185964 0.03734300601 0.05436451943 0.08000887345 0.1184471598 0.176005138 0.262265925 0.3917639366 0.4782852261 0.5444873345 0.5853233806 0.5974676526 0.5794822542 0.5318949874 0.4572097517 0.3599269005 0.2469213669 0.1050503832 0.05806501627
 0.01393257272 0.01536142422 0.01928334165 0.02628234612 0.03743312526 0.05449846597 0.08022529411 0.1188096503 0.1766199362 0.2633114517 0.3935400531 0.4796163883 0.5454853767 0.5860712522 0.5980293072 0.5799063727 0.5322132243 0.4574249918 0.3599760865 0.2465589157 0.1087793584 0.05543542137
 0.0139969115 0.0154109259 0.0193175516 0.02630318747 0.03744421008 0.05450492176 0.08023512924 0.118836966 0.1766908651 0.26347471 0.3938855108 0.4797384761 0.5454603166 0.5859479955 0.5978405897 0.5796714032 0.5319325577 0.4570600209 0.3593874751 0.2453134641 0.1138287625 0.05184242527
 0.01404276107 0.01543756516 0.01931923241 0.02627397617 0.03737554984 0.05438262529 0.08003615231 0.1185252164 0.1762111933 0.262744156 0.3927806655 0.4786378455 0.5444028061 0.5849474844 0.596898198 0.578777524 0.5310595936 0.4561365984 0.3582224766 0.243359082 0.1196692606 0.0481019127
 0.01407015645 0.01544150087 0.01928864531 0.0261950845 0.03722765518 0.05413226383 0.07962926896 0.1178755587 0.1751823321 0.2611213838 0.3902270749 0.4763189676 0.5423190003 0.583076942 0.5952105127 0.5772355394 0.5296115187 0.4546892372 0.356563144 0.2409139005 0.1253918775 0.04490715291
 0.01407948242 0.01542328229 0.01922657775 0.02606767167 0.03700226938 0.05375649174 0.07901854608 0.116894243 0.1736139026 0.2586212256 0.3862476413 0.472804564 0.539230634 0.5803569217 0.5927973995 0.5750662699 0.5276144479 0.4527608155 0.3545003704 0.2382067417 0.1298704076 0.04260904668
 0.01407147206 0.01538384662 0.01913434008 0.02589367966 0.03670236276 0.05325992223 0.07821119877 0.1155925898 0.1715236965 0.2552716768 0.3808864716 0.4681355002 0.5351748852 0.5768211021 0.5896898457 0.5722997862 0.5251015977 0.4503979229 0.3521216289 0.2354440448 0.1320306597 0.04124878831
 0.01404719891 0.01532451002 0.01901375432 0.02567581774 0.03633211005 0.05264909294 0.07721753621 0.113986903 0.1689375321 0.2511136548 0.3742084649 0.4623704443 0.5302040341 0.572515909 0.5859294682 0.5689745892 0.5221115561 0.4476466505 0.3495000964 0.2327817848 0.1311148275 0.04087968827
 0.01400806297 0.01524695232 0.01886713482 0.02541753569 0.03589685104 0.05193240589 0.07605086795 0.1120983209 0.1658890128 0.246200602 0.3662986499 0.4555853013 0.5243849245 0.5674999804 0.5815679306 0.5651368307 0.5186868945 0.4445494639 0.346686738 0.2303054312 0.1268692514 0.04187108266
 0.01395577057 0.01515319525 0.01869726095 0.0251229859 0.03540303482 0.05112004272 0.07472737238 0.1099526085 0.162419196 0.2405979475 0.3572612988 0.4478724357 0.5177982369 0.5618434863 0.576666296 0.5608396429 0.5148733023 0.4411436276 0.343706496 0.2280196372 0.119625311 0.04478960242
 0.01389230842 0.01504557464 0.01850734194 0.02479697446 0.03485814786 0.05022385586 0.07326592905 0.1075798968 0.1585761804 0.2343824467 0.3472188494 0.439339695 0.510537579 0.5556273099 0.5712943276 0.5561426081 0.5107193278 0.437461417 0.3405592086 0.2258487863 0.1102632268 0.04984612275
 0.01381991218 0.01492670645 0.01830097388 0.0244449012 0.03427062611 0.04925723604 0.07168791648 0.1050143699 0.1544146195 0.2276414134 0.336310674 0.4301092444 0.502708398 0.5489420914 0.5655297354 0.5511113563 0.5062766963 0.4335320728 0.3372252881 0.22364938 0.1000539921 0.05649027914
 0.01374102974 0.01479944709 0.01808208916 0.02407268888 0.03364975108 0.04823495656 0.07001697598 0.102293906 0.1499951703 0.2204718655 0.3246917344 0.4203162211 0.4944267132 0.5418871278 0.5594573465 0.545817234 0.5016010652 0.4293851649 0.3336755286 0.2212345603 0.09038106097 0.06357135445
 0.01365827977 0.01466684825 0.01785489828 0.02368670137 0.0330055297 0.04717299349 0.06827874121 0.09945966952 0.1453838787 0.2129795958 0.3125311587 0.4101072074 0.4858176674 0.534569119 0.5531681693 0.5403369553 0.4967529776 0.4250547758 0.3298837115 0.2184091384 0.0823828177 0.06977362099
 0.01357440606 0.01453210661 0.01762382458 0.02329365088 0.03234855737 0.0460883208 0.06650053122 0.09655565335 0.1406515021 0.2052781729 0.3000107679 0.3996385175 0.4770138865 0.5271007468 0.5467583113 0.5347521243 0.4917987189 0.4205837265 0.3258400391 0.2150106175 0.07666126982 0.07396659281
 0.0134922284 0.01439850916 0.01739343196 0.02290049414 0.03168986352 0.04499867828 0.06471100271 0.09362816377 0.1358727573 0.1974878632 0.2873235538 0.3890742765 0.468153642 0.5195990759 0.5403277148 0.5291485172 0.486810766 0.4160269962 0.3215630231 0.2109490176 0.07327935886 0.07540832244
 0.01341459078 0.01426937469 0.01716834646 0.02251431781 0.03104073881 0.04392230942 0.06293975516 0.09072523459 0.1311254717 0.1897344401 0.2746720732 0.3785842631 0.4593788055 0.5121837704 0.533978684 0.523615036 0.4818675615 0.4114535634 0.317107461 0.206237077 0.07207995494 0.07384385083
 0.01334430796 0.01414799259 0.01695317244 0.02214221358 0.0304125436 0.04287766636 0.06121688043 0.08789595243 0.1264896019 0.1821478156 0.2622666592 0.3683414736 0.4508325937 0.5049751324 0.5278141982 0.5182422825 0.4770524392 0.4069461192 0.3125666544 0.2010033271 0.07298661131 0.06952261285
 0.01328411178 0.01403756023 0.01675240491 0.02179114444 0.02981649805 0.04188307965 0.05957244813 0.08518967023 0.122046068 0.1748603927 0.250323265 0.358519359 0.4426571081 0.4980919812 0.5219360289 0.5131207582 0.4724516579 0.4025984524 0.3080680185 0.195483598 0.07592364142 0.06314126884
 0.01323659844 0.01394112043 0.01657033983 0.02146780409 0.02926345567 0.04095639253 0.05803592005 0.08265508538 0.1178753415 0.1680049965 0.2390606485 0.3492886955 0.4349906926 0.4916494129 0.51644271 0.5083387559 0.4681516508 0.3985107112 0.3037625233 0.189991185 0.08044667514 0.05571966976
 0.01320417841 0.01386150099 0.01641098508 0.02117847322 0.02876366483 0.04011456378 0.05663549301 0.08033916654 0.1140557296 0.1617122231 0.2286965109 0.3408140679 0.4279651529 0.4857564972 0.5114274348 0.5039800623 0.4642357329 0.3947831315 0.299809676 0.1848712958 0.08552948871 0.04843066359
 0.01318903047 0.01380125824 0.01627797509 0.02092887749 0.02832652529 0.03937324881 0.05539738062 0.07828593112 0.1106613213 0.1561070657 0.2194421618 0.3332499982 0.4217029067 0.4805139872 0.5069759751 0.5001216324 0.4607806112 0.3915090956 0.2963606439 0.1804500083 0.08974617497 0.04242629472
 0.01319306145 0.0137626268 0.01617449284 0.02072405337 0.02796035074 0.03874637675 0.05434506026 0.07653510779 0.1077596223 0.1513047711 0.211495401 0.3267368248 0.416314169 0.4760121332 0.5031647296 0.4968314164 0.4578530851 0.3887684967 0.293542372 0.1769897399 0.09168220343 0.03871634952
 0.01321787291 0.01374747749 0.01610320283 0.02056822928 0.02767215091 0.03824574874 0.05349853108 0.07512076113 0.105408997 0.1474060745 0.2050316612 0.3213965339 0.4118942994 0.472328698 0.5000590081 0.4941665092 0.4555073063 0.3866223077 0.2914451007 0.1746603963 0.0903321279 0.03809103021
 0.01326473572 0.01375728508 0.01606619852 0.02046472904 0.02746744865 0.037880689 0.05287364538 0.07407000137 0.1036561522 0.1444922326 0.2001940972 0.3173288443 0.4085214596 0.4695272719 0.4977116425 0.4921717642 0.4537828885 0.3851090331 0.290114759 0.1735285227 0.08538686303 0.04094798559
 0.01333457317 0.01379310695 0.0160649668 0.02041590438 0.02735014687 0.03765778154 0.05248158556 0.07340193386 0.1025339933 0.142620562 0.1970840915 0.3146079145 0.406254732 0.4676559691 0.4961619943 0.4908789577 0.4527040409 0.3842434189 0.2895507095 0.1735598061 0.07741344849 0.0470334542
 0.01342795242 0.01385557314 0.01610037118 0.02042310078 0.02732245691 0.03758072073 0.05232855264 0.07312700343 0.1020602166 0.1418213389 0.1957542192 0.3132800485 0.4051328298 0.4667465722 0.4954353929 0.4903065332 0.4522797627 0.3840174782 0.2897085953 0.1746280904 0.06794253798 0.05541309839
 0.01354508416 0.01394488735 0.01617265362 0.02048665824 0.02738489407 0.03765029211 0.05241571011 0.07324684536 0.1022369243 0.1420968009 0.1962056267 0.3133626936 0.4051734901 0.4668141536 0.4955430074 0.4904598897 0.4525050034 0.3844036108 0.2905077134 0.1765279265 0.05937979706 0.06470998871
 0.01368582921 0.01406083801 0.01628145373 0.02060594521 0.02753633842 0.03786448346 0.05273939008 0.07375467365 0.1030513645 0.1434225732 0.1983908083 0.3148448644 0.4063735787 0.4678571746 0.4964821183 0.4913321298 0.4533625868 0.3853593716 0.2918421967 0.1789934636 0.05432024938 0.07337608658
 0.01384971135 0.01420281759 0.01642584248 0.02077942078 0.02777415191 0.03821870859 0.05329152756 0.0746361391 0.1044776621 0.1457512475 0.2022212299 0.3176889124 0.4087098714 0.4698580269 0.4982367334 0.4929051416 0.4548256144 0.3868332623 0.293595038 0.1817284095 0.05385793128 0.07992209301
 0.01403593478 0.01436984851 0.01660436709 0.02100471791 0.02809433666 0.03870611219 0.05406025531 0.07587050851 0.1064792043 0.1490173248 0.2075778705 0.3218333638 0.4121404127 0.4727839521 0.5007784712 0.4951508748 0.4568600279 0.3887708045 0.2956534763 0.1844477277 0.05656607539 0.08312487552
 0.01424340513 0.01456061348 0.01681510302 0.02127873952 0.02849171689 0.03931791749 0.05503057461 0.0774319764 0.1090112486 0.1531425084 0.2143222059 0.3271964171 0.4166063089 0.4765882593 0.5040676298 0.4980326679 0.4594270099 0.3911200907 0.2979236675 0.1869246631 0.0601140254 0.0822073853
 0.01447075305 0.01477348862 0.01705570971 0.02159775977 0.02896012725 0.04004377933 0.05618502101 0.07929093118 0.1120233588 0.1580404453 0.2223055512 0.3336796573 0.4220337937 0.4812117503 0.5080543633 0.501506503 0.4624849385 0.3938360621 0.3003422225 0.1890313972 0.06328051984 0.07696606907
 0.01471635938 0.0150065779 0.01732348678 0.02195752377 0.02949259375 0.04087211311 0.05750426298 0.08141504653 0.115461398 0.1636203651 0.2313756477 0.3411716089 0.4283364098 0.4865842685 0.5126798963 0.5055220916 0.4659906866 0.3968829184 0.3028824698 0.1907612033 0.06648240337 0.06782223775
 0.01497838169 0.01525774788 0.01761542902 0.0223533416 0.03008149797 0.04179038146 0.05896759873 0.08377013428 0.1192689711 0.1697894544 0.2413803637 0.3495508712 0.4354171808 0.4926262978 0.5178777259 0.5100237338 0.4699001468 0.4002343381 0.3055542412 0.1922246927 0.0711633673 0.05578463757
 0.01525478162 0.0155246624 0.01792827871 0.0227801743 0.0307187208 0.04278533234 0.06055334329 0.08632075564 0.1233883446 0.176454116 0.2521690547 0.3586887214 0.4431706848 0.4992505596 0.5235747797 0.5149509347 0.4741679731 0.4038715061 0.3083973319 0.1936209856 0.07846542619 0.04232385532
 0.01554335326 0.01580481685 0.01825857539 0.02323271177 0.031395766 0.04384319183 0.06223911844 0.08903063048 0.1277609569 0.1835204203 0.2635923956 0.3684511964 0.451484988 0.5063635762 0.5296925228 0.5202388029 0.4787466294 0.4077792441 0.3114700524 0.1951934947 0.08806979152 0.02917194548
 0.01584175256 0.01609557241 0.01860270312 0.02370544353 0.03210386723 0.04494982136 0.06400207032 0.09186290599 0.1323276661 0.1908940978 0.2755014827 0.3787007453 0.4602434318 0.5138671942 0.5361480265 0.5258182979 0.4835849277 0.4119407584 0.3148349648 0.1971854167 0.09823737138 0.01807115505
 0.0161475278 0.01639419029 0.01895693632 0.02419272469 0.03283408363 0.04609085158 0.06581904353 0.09478034953 0.137028879 0.1984803737 0.2877468232 0.3892975904 0.4693262996 0.5216600749 0.542855035 0.5316164273 0.4886263116 0.4163316326 0.318543752 0.1998080022 0.1067109658 0.0105189068
 0.01645815145 0.01669786655 0.01931748478 0.02468883911 0.03357738943 0.04725180561 0.06766673871 0.0977455219 0.1418046729 0.2061838653 0.3001776211 0.400100937 0.4786124039 0.5296391808 0.549725079 0.537556526 0.4938071977 0.4209137364 0.3226224315 0.2032245609 0.1115575956 0.007688364628
 0.01677105314 0.01700376754 0.01968053889 0.02518806206 0.03432476246 0.04841822189 0.06952187499 0.1007209734 0.1465949912 0.2139086814 0.312641576 0.4109701571 0.4879806404 0.5377012878 0.5566687004 0.5435587684 0.4990557325 0.4256297608 0.3270574087 0.2075403078 0.1116759434 0.01030007283
 0.01708365393 0.0173090661 0.02004231548 0.02568472384 0.03506727531 0.04957578443 0.07136137222 0.1036694895 0.1513399551 0.2215587887 0.3249852686 0.4217660379 0.4973115539 0.545744557 0.5635968479 0.54954107 0.5042913413 0.4303991581 0.3317828282 0.2127820569 0.1070843258 0.01784230816
 0.01739340135 0.0176109786 0.02039910454 0.02617327523 0.03579619108 0.0507104647 0.07316256077 0.1065543977 0.1559803106 0.2290386595 0.3370551162 0.4323521547 0.5064889478 0.553670194 0.5704224988 0.5554205205 0.5094254383 0.4351163607 0.3366705618 0.2188590306 0.0990923142 0.02919142671
 0.01769780502 0.01790680229 0.02074731685 0.02664835521 0.03650306474 0.05180867682 0.07490342105 0.1093399395 0.1604580063 0.2362541794 0.3486988253 0.4425963914 0.5154015527 0.5613842054 0.5770625379 0.5611154499 0.5143636054 0.4396521783 0.3415255148 0.2255137819 0.09032898382 0.04280242286
 0.01799447219 0.01819395283 0.02108353203 0.02710486033 0.03717984943 0.05285744487 0.07656285034 0.1119916985 0.1647168858 0.2431137747 0.3597672476 0.4523726048 0.5239447524 0.5687992457 0.583439892 0.5665481664 0.5190094175 0.4438591217 0.346089782 0.2322883909 0.08428276263 0.05674549844
 0.01828114264 0.0184700011 0.02140454633 0.0275380149 0.03781900623 0.05384457949 0.07812095094 0.1144770737 0.1687034695 0.2495297091 0.3701165367 0.4615624063 0.5320223436 0.575836523 0.5894858774 0.5716483145 0.5232698993 0.4475809761 0.3500586431 0.2385332973 0.08367905991 0.06896433396
 0.01855572224 0.01873270888 0.02170741934 0.02794344064 0.03841361488 0.05475885953 0.07955933172 0.116765784 0.1723677984 0.2554194967 0.3796105121 0.470057016 0.5395482886 0.5824277029 0.5951426698 0.5763567038 0.5270623496 0.45066628 0.3531092244 0.243472214 0.08838856714 0.07757654416
 0.01881631446 0.01898006241 0.02198951844 0.02831722404 0.03895748284 0.05559021341 0.08086141382 0.1188303848 0.1756643098 0.2607073805 0.3881231403 0.4777591329 0.5464484011 0.5885167317 0.6003657622 0.5806293603 0.5303220197 0.4529845583 0.3549394488 0.2463160353 0.09567223029 0.0811555772
 0.019061249 0.01921030306 0.02224856001 0.02865597971 0.03944524926 0.05632989473 0.08201273035 0.1206467812 0.1785527138 0.2653258251 0.3955410577 0.4845847573 0.5526618963 0.5940614729 0.6051262391 0.5844414714 0.5330099209 0.4544434527 0.355311758 0.2464033176 0.1024793535 0.07895696146
 0.01928910694 0.01942195441 0.02248264613 0.02895690771 0.0398724806 0.05697064627 0.08300121002 0.1221947197 0.1809988444 0.2692169798 0.4017660634 0.4904648955 0.5581427243 0.5990350457 0.6094126707 0.5877908482 0.5351199256 0.4550044704 0.3540940338 0.2433393673 0.1069257879 0.07106242365
 0.0194987416 0.01961384479 0.0226902956 0.02921784294 0.04023575467 0.05750684642 0.08381743481 0.1234582417 0.1829754542 0.2723340652 0.4067175167 0.4953470772 0.5628606065 0.6034267434 0.6132324245 0.5907005225 0.5366843372 0.4546951231 0.3512897947 0.2371071179 0.1085047537 0.05844008576
 0.01968929465 0.01978512467 0.0228704684 0.02943729494 0.04053272986 0.05793463282 0.08445486196 0.1244260821 0.1844629284 0.2746426427 0.4103345736 0.4991966172 0.5668016974 0.6072424212 0.6166122025 0.5932201303 0.5377772462 0.4536157589 0.3470512573 0.2281253013 0.107749868 0.0429913741
 0.01986020682 0.01993527828 0.02302258235 0.02961447625 0.04076219669 0.05825199771 0.08491000127 0.1250919977 0.1854498902 0.2761217221 0.4125781979 0.5019975564 0.5699688036 0.6105042578 0.6195976434 0.5954257988 0.5385152181 0.4519403268 0.3416721221 0.2172294753 0.1056731011 0.02795697788
 0.02001122295 0.02006412898 0.02314652151 0.02974931818 0.04092410907 0.05845885067 0.08518253958 0.1254550118 0.1859336738 0.2767646676 0.413432876 0.5037532266 0.5723811082 0.6132498205 0.62225187 0.597418347 0.5390551226 0.4499114173 0.3355616728 0.205551072 0.1031089509 0.01976902849
 0.020142391 0.02017183796 0.02324263547 0.02984247263 0.04101959329 0.05855704458 0.08527540498 0.1255195599 0.18592064 0.2765798581 0.412907962 0.5044863891 0.5740733697 0.615530402 0.6246529226 0.5993196991 0.5395891298 0.4478308659 0.329207298 0.1942805944 0.1002143186 0.02368250225
 0.02025405501 0.02025889624 0.02331172937 0.02989529941 0.04105093296 0.05855036178 0.08519476464 0.1252955262 0.1854263136 0.2755910604 0.4110385785 0.5042389136 0.5750945895 0.617408638 0.6268900833 0.6012675055 0.5403370207 0.4460476349 0.3231373653 0.1843466847 0.09642392 0.03172690242
 0.02034684201 0.02032610988 0.02335504435 0.02990983854 0.04102152917 0.05844445808 0.08494995157 0.1247981604 0.1844753215 0.2738374779 0.4078859933 0.5030709737 0.5755061708 0.6189554636 0.6290591722 0.6034080567 0.541535965 0.4449443161 0.3178980103 0.1761323562 0.09088466308 0.0384444065
 0.0204216431 0.02037457858 0.02337422883 0.02988876761 0.04093583535 0.05824676373 0.08455331734 0.1240478683 0.1831011158 0.2713734363 0.4035373973 0.5010597553 0.5753796247 0.6202465209 0.6312569795 0.6058876737 0.5434278559 0.4449224095 0.3140529584 0.1694219748 0.08305182383 0.0439388805
 0.02047958908 0.02040566825 0.02337130078 0.02983534474 0.04079926757 0.0579663414 0.08402000977 0.123069871 0.1813454704 0.2682676803 0.3981050167 0.4982976919 0.5747939065 0.6213581803 0.6335750893 0.6088428858 0.5462442721 0.446384925 0.3122036294 0.1637143847 0.07311804776 0.05058699249
 0.02052202121 0.02042097784 0.02334860206 0.0297533382 0.04061809145 0.05761370295 0.08336767736 0.1218937345 0.1792577458 0.2646022596 0.3917245037 0.4948902607 0.5738324996 0.6223633904 0.6360934376 0.6123898649 0.5501892879 0.4497136671 0.3130101972 0.1588533108 0.0621593715 0.06055518034
 0.02055045772 0.02042230147 0.02330874551 0.029646944 0.040399288 0.0572005881 0.08261610462 0.1205527731 0.1768939259 0.2604709996 0.3845525725 0.4909533966 0.5725803862 0.6233276107 0.6388740395 0.6166137825 0.555420769 0.4552388248 0.3171812464 0.1557623509 0.05204399392 0.07381093036
 0.02056655701 0.02041158673 0.02325455634 0.02952069368 0.04015040161 0.05673971015 0.08178678594 0.119083338 0.1743154383 0.2559775673 0.3767638758 0.4866106033 0.5711210638 0.6243051086 0.6419553756 0.6215589444 0.5620314508 0.4632008298 0.3254022463 0.1569192842 0.04520724726 0.08840435149
 0.02057207834 0.02039088998 0.02318900917 0.02937935436 0.03987937385 0.05624447499 0.0809024484 0.1175240071 0.1715877842 0.2512331654 0.368547155 0.4819898608 0.5695337754 0.625335903 0.6453479566 0.6272207028 0.5700318125 0.4737084312 0.3381994767 0.165927475 0.04434486672 0.102004564
 0.02056884111 0.02036233022 0.02311516241 0.02922782416 0.03959436811 0.0557286818 0.07998653751 0.1159147003 0.168779014 0.246353911 0.3601007457 0.4772204489 0.5678911143 0.6264436181 0.6490315497 0.6335401651 0.5793372414 0.4867008214 0.355777556 0.1857736913 0.05186577485 0.1131088263
 0.02055868364 0.02032804221 0.02303609172 0.02907102554 0.03930359005 0.05520621434 0.0790626822 0.1142957472 0.1659580995 0.2414579837 0.3516275733 0.4724298153 0.5662571481 0.6276344509 0.6529544554 0.6404025817 0.589761941 0.501923211 0.377895639 0.2170272814 0.06923389117 0.1218282928
 0.02054342261 0.02029013047 0.02295482439 0.02891379988 0.03901510933 0.0546907333 0.07815415766 0.1127069431 0.1631932633 0.2366626541 0.3433298336 0.467740625 0.5646861682 0.6288973808 0.6570350617 0.6476399808 0.6010213617 0.5189232141 0.4038331499 0.2578109303 0.09680220139 0.1303159689
 0.02052481391 0.02025062487 0.02287427612 0.02876080604 0.03873668808 0.05419537936 0.07728336515 0.1111866282 0.1605503366 0.2320813244 0.3354036092 0.4632681148 0.5632221264 0.6302056441 0.6611657004 0.6550381807 0.612743766 0.5370705758 0.4324505076 0.3050062194 0.1338401205 0.1423235281
 0.02050451586 0.02021143908 0.02279719189 0.02861642555 0.03847562099 0.05373249686 0.07647134732 0.1097708288 0.1580912161 0.227820727 0.3280337106 0.4591178599 0.5618987601 0.6315193852 0.6652186104 0.662347819 0.6244902028 0.5555974394 0.4623117878 0.3552152345 0.1784803543 0.1612819628
 0.02048405551 0.0201743325 0.02272609202 0.02848467667 0.03823859109 0.05331338579 0.07573735504 0.1084924896 0.1558724899 0.2239784221 0.3213890437 0.4553840227 0.5607403493 0.6327892901 0.6690536051 0.6692985997 0.6357810294 0.573652731 0.4918278444 0.4051690438 0.2277900635 0.1879512328
 0.02046479848 0.02014087638 0.02266322447 0.02836913884 0.03803154416 0.05294808793 0.07509847742 0.1073808255 0.1539442826 0.2206407124 0.3156187708 0.4521481115 0.55976299 0.633960917 0.6725268796 0.6756156256 0.6461264197 0.5903631338 0.5193917016 0.451870458 0.2780263305 0.2199263548
 0.02044792286 0.02011242457 0.02261052379 0.02827288859 0.0378595836 0.05264521038 0.07456934133 0.1064608035 0.152349353 0.2178810476 0.3108494438 0.4494782234 0.5589762204 0.634979376 0.6755002917 0.6810365198 0.6550580863 0.6048939618 0.5434943416 0.4926697141 0.3250262369 0.2529911806
 0.02043439728 0.02009008913 0.02256957735 0.02819844714 0.03772688587 0.05241178667 0.07416188049 0.1057527564 0.1511224445 0.2157589307 0.3071831576 0.4474286997 0.55838481 0.6357939814 0.677850418 0.6853280119 0.6621596134 0.616504929 0.5628187747 0.5253338351 0.3646694269 0.282596416
 0.02042496345 0.0200747209 0.02254159851 0.02814773962 0.03763663605 0.05225317324 0.0738851691 0.1052721164 0.1502898641 0.2143192715 0.304696615 0.4460400835 0.5579905042 0.6363625032 0.679476713 0.6883007744 0.6670932075 0.6245974796 0.5763136595 0.548115105 0.393350451 0.3047678182
 0.02042012301 0.020066895 0.02252740694 0.02812206538 0.03759098168 0.05217297763 0.07374531057 0.1050292468 0.1498692417 0.2135920799 0.3034408554 0.4453392488 0.5577935333 0.6366546833 0.680308185 0.6898214779 0.669621157 0.6287516146 0.5832478873 0.5598111848 0.4083995777 0.3166121568
 0.02042012889 0.0200669013 0.02252741554 0.02812207869 0.03759100343 0.05217301385 0.07374537129 0.1050293486 0.1498694123 0.2135923654 0.3034413312 0.4453395722 0.5577937181 0.6366547411 0.6803081179 0.6898212736 0.6696207815 0.6287509948 0.5832468556 0.5598093129 0.4083977669 0.3166111824
 0.02042498092 0.02007473963 0.02254162412 0.02814777922 0.0376367008 0.0522532811 0.07388535 0.1052724198 0.1502903729 0.2143201229 0.3046980344 0.4460410474 0.557991055 0.6363626756 0.6794765138 0.6883001681 0.667092094 0.6245956436 0.576310611 0.5481095932 0.3933450735 0.3047650041
 0.02043442586 0.0200901198 0.0225696193 0.02819851209 0.03772699217 0.05241196386 0.07416217787 0.1057532555 0.1511232817 0.2157603327 0.3071854964 0.4474302853 0.5583857157 0.6357942659 0.677850094 0.6853270232 0.6621577994 0.6165019451 0.562813845 0.5253249856 0.364660662 0.2825920405
 0.02044796174 0.02011246633 0.02261058102 0.02827297735 0.03785972904 0.05264545307 0.07456974899 0.1064614882 0.1523505026 0.2178829743 0.3108526609 0.4494803995 0.5589774626 0.6349797678 0.675499854 0.6810351799 0.6550556317 0.6048899385 0.5434877431 0.4926580016 0.3250144237 0.2529855434
 0.02046484656 0.02014092808 0.02266329551 0.02836924926 0.03803172543 0.05294839081 0.07509898681 0.107381682 0.1539457222 0.2206431276 0.3156228083 0.4521508344 0.5597645423 0.6339614085 0.672526342 0.6756139757 0.6461234039 0.5903582123 0.5193837044 0.4518564846 0.278012016 0.2199195464
 0.02048411139 0.02017439269 0.02272617502 0.02848480605 0.03823880397 0.05331374213 0.07573795526 0.1084935002 0.1558741907 0.2239812791 0.321393826 0.4553872362 0.5607421778 0.6327898705 0.6690529831 0.6692966884 0.6357775463 0.5736470763 0.4918187523 0.4051534774 0.2277740447 0.1879428748
 0.0205045779 0.02021150605 0.02279728464 0.02861657067 0.03847586046 0.05373289861 0.0764720253 0.1097719722 0.1580931434 0.227823969 0.328039145 0.4591214961 0.5619008227 0.6315200394 0.6652179194 0.6623456997 0.6244863572 0.5555912317 0.4623019145 0.35519873 0.178463701 0.1612710873
 0.0205248802 0.02025069665 0.0228743761 0.02876096322 0.03873694838 0.05419581725 0.07728410581 0.1111878797 0.1605524499 0.2320848848 0.3354095866 0.4632720943 0.5632243735 0.6302063525 0.6611649541 0.6550359086 0.6127396686 0.5370640028 0.4324401552 0.3049893286 0.1338241688 0.1423088697
 0.02054349106 0.02029020487 0.02295492881 0.02891396502 0.03901538405 0.05469119699 0.07815494411 0.1127082749 0.163195517 0.2366664577 0.34333623 0.467744858 0.5646885424 0.6288981182 0.6570342708 0.6476376106 0.6010171252 0.5189164657 0.4038225976 0.2577940144 0.0967885281 0.1302966115
 0.02055875197 0.02032811689 0.02303619756 0.02907119421 0.03930387224 0.05520669261 0.07906349606 0.1142971293 0.1659604437 0.2414619479 0.3516342517 0.4724342028 0.566259585 0.6276351867 0.652953626 0.6404001645 0.5897576768 0.5019164766 0.3778851452 0.2170104655 0.06922429105 0.121803988
 0.02056890692 0.02036240268 0.02311526646 0.02922799168 0.0395946504 0.0557291627 0.07998735922 0.1159161003 0.1687813953 0.2463579473 0.3601075591 0.4772248847 0.5678935432 0.6264443158 0.6490306819 0.6335377464 0.5793330557 0.4866942889 0.355767375 0.1857569326 0.0518621709 0.1130796831
 0.02057213914 0.02039095764 0.02318910814 0.02937951587 0.03987964858 0.05624494614 0.08090325759 0.1175253913 0.1715901469 0.2512371812 0.3685539494 0.481994233 0.5695361203 0.6253365203 0.6453470439 0.6272183198 0.570027803 0.4737022851 0.3381898834 0.1659107898 0.04434874073 0.1019705494
 0.02056661026 0.02041164695 0.02325464686 0.02952084423 0.040150661 0.05674015889 0.08178756183 0.1190846721 0.1743177254 0.2559814679 0.3767704938 0.4866147965 0.5711232449 0.6243055978 0.641954404 0.6215566236 0.5620277024 0.4631952478 0.3253935556 0.1569030037 0.04521861156 0.08836491587
 0.02055050087 0.02042235165 0.02330882422 0.02964707868 0.04039952429 0.05720100183 0.08261682643 0.1205540228 0.1768960804 0.2604746903 0.3845588568 0.4909572947 0.5725823208 0.6233279195 0.6388729867 0.6166115377 0.5554173488 0.4552339684 0.3171738119 0.155747197 0.05206147798 0.07376493894
 0.02052205176 0.02042101539 0.02334866569 0.02975345219 0.04061829703 0.05761406931 0.08336832476 0.1218948661 0.1792597119 0.2646056478 0.3917303003 0.4948937489 0.5738341045 0.6223634625 0.6360922732 0.6123876954 0.5501862392 0.4497096676 0.3130043789 0.158840331 0.06218102681 0.06050164666
 0.02047960461 0.02040569072 0.0233713462 0.02983543344 0.0407994352 0.05796664858 0.08402056329 0.1230708522 0.1813471946 0.2682706774 0.3981101786 0.4983006593 0.5747950991 0.6213579567 0.633573775 0.6088407744 0.546241609 0.4463818657 0.3121997344 0.1637048239 0.07314154725 0.05052700506
 0.02042164133 0.02037458365 0.02337425309 0.02988882671 0.04093595822 0.05824700067 0.08455375878 0.1240486691 0.1831025483 0.2713759596 0.4035417877 0.5010620972 0.5753803253 0.6202459411 0.6312554696 0.6058855865 0.5434255586 0.4449203082 0.31405117 0.1694170208 0.08307453216 0.04387665017
 0.02034682082 0.02032609541 0.02335504478 0.02990986413 0.04102160111 0.05844461475 0.08495026438 0.1247987534 0.1844764169 0.2738394523 0.4078894883 0.5030725941 0.5755063043 0.6189544671 0.6290574145 0.6034059429 0.541533977 0.4449431114 0.3178983245 0.1761327531 0.09090401676 0.03838487782
 0.02025401249 0.02025886034 0.0233117036 0.02989528805 0.04105094855 0.05855042934 0.08519493424 0.1252958872 0.185427032 0.2755924202 0.4110410696 0.5042397271 0.575094087 0.6174071661 0.6268880215 0.6012652994 0.5403352498 0.4460471817 0.3231395568 0.1843523664 0.09643813692 0.03167384717
 0.0201423255 0.02017177901 0.0232425815 0.0298424214 0.04101954795 0.05855701561 0.08527541912 0.1255196688 0.1859209478 0.2765805478 0.4129093581 0.5044863228 0.5740721708 0.6155283999 0.624650498 0.5993173231 0.5395874524 0.4478309414 0.3292109261 0.1942905649 0.1002232506 0.02364104848
 0.02001113308 0.02006404565 0.02314643773 0.02974922479 0.0409239992 0.05845871928 0.08518238857 0.1254548524 0.1859335445 0.2767646436 0.4134331055 0.5037522219 0.5723791622 0.613247239 0.6222490246 0.5974157161 0.5390533922 0.4499117385 0.3355661281 0.2055636296 0.1031146127 0.01975277278
 0.01986009151 0.01993516958 0.0230224676 0.02961433906 0.04076201971 0.05825175972 0.08490967816 0.1250915585 0.1854493048 0.2761209531 0.41257721 0.5019955703 0.5699660714 0.6105010555 0.6195943229 0.5954228262 0.5385132763 0.4519405765 0.3416767025 0.2172426409 0.1056792558 0.02796186403
 0.01968915314 0.01978498996 0.02287032198 0.029437113 0.04053248431 0.05793428582 0.08445436274 0.1244253564 0.1844618757 0.2746411105 0.4103323386 0.4991936232 0.5667981529 0.6072385664 0.6166083598 0.5932167339 0.5377749361 0.4536156168 0.3470552557 0.2281372225 0.107760552 0.04299804507
 0.01949857347 0.0196136838 0.0226901173 0.02921761602 0.04023544019 0.05750638983 0.08381675847 0.1234572278 0.1829739312 0.272331765 0.4067140271 0.4953430662 0.5628562372 0.603422216 0.6132280227 0.5906966311 0.5366815172 0.4546942977 0.3512925816 0.2371163239 0.1085225167 0.05844250243
 0.01928891212 0.01942176724 0.02248243622 0.0289566363 0.03987209801 0.05697008137 0.08300035857 0.1221934208 0.1809968563 0.2692139202 0.4017613338 0.490459876 0.5581375325 0.5990298385 0.6094076861 0.587786407 0.5351164813 0.4550027267 0.3540951221 0.2433448744 0.1069505323 0.07106017183
 0.01906102778 0.01921009019 0.02224831927 0.02865566503 0.03944480052 0.05632922467 0.08201170885 0.1206452055 0.178550274 0.2653220281 0.3955351244 0.4845787557 0.5526558995 0.5940555928 0.6051206633 0.5844364473 0.5330057755 0.4544406332 0.3553108437 0.2464046385 0.1025079516 0.07895184771
 0.01881606746 0.0189798247 0.02198924811 0.02831686802 0.03895697101 0.05558944311 0.08086023026 0.1188285453 0.1756614393 0.2607028808 0.3881160607 0.4777521928 0.5464416319 0.5885102004 0.6003596039 0.5806237445 0.5303171397 0.4529805951 0.3549364279 0.2463131371 0.09569867989 0.08115061034
 0.01855545044 0.01873244754 0.02170712114 0.02794304591 0.03841304409 0.05475799567 0.07955799686 0.1167636982 0.1723645261 0.2554143414 0.3796023635 0.4700491978 0.5395407946 0.582420557 0.5951359552 0.5763505133 0.5270567473 0.4506611966 0.3531041876 0.2434654529 0.08840490073 0.07757535044
 0.01828084733 0.01846971769 0.02140422243 0.02753758472 0.03781838163 0.05384363031 0.07811947818 0.1144747634 0.1686998308 0.2495239564 0.3701074148 0.461553786 0.5320141866 0.5758288132 0.5894786499 0.5716415915 0.5232636306 0.4475748809 0.3500518515 0.2385233417 0.08367835377 0.06897059237
 0.01799415498 0.01819364923 0.02108318498 0.02710439855 0.03717917709 0.05285642009 0.07656125545 0.1119891893 0.1647129228 0.2431074933 0.3597572645 0.4523632727 0.5239360074 0.5687910365 0.5834322109 0.5665409758 0.5190025764 0.4438521927 0.3460816293 0.2322761371 0.08426457151 0.05676231378
 0.0176974678 0.01790648068 0.02074694961 0.02664786621 0.03650235151 0.05180758747 0.07490172186 0.1093372606 0.1604537663 0.2362474467 0.348688108 0.4425864504 0.5153923065 0.5613755728 0.5770544763 0.5611078755 0.514356315 0.4396446434 0.3415164799 0.2255002615 0.09030088692 0.04283163606
 0.01739304627 0.01761064141 0.02039872037 0.02617276385 0.03579544453 0.05070932289 0.07316077688 0.1065515809 0.1559758455 0.2290315604 0.3370438033 0.4323417186 0.5064792972 0.5536612247 0.5704141413 0.55541266 0.5094178408 0.4351084732 0.336661156 0.218845309 0.09906388554 0.02923293644
 0.01708328336 0.01730871601 0.02004191792 0.0256841953 0.03506650358 0.04957460317 0.07135952468 0.103666569 0.1513353206 0.2215514139 0.3249735082 0.4217552293 0.4973016042 0.5457353452 0.563588287 0.5495330297 0.5042835863 0.4303911735 0.3317735432 0.2127691296 0.1070619241 0.01789398234
 0.01677066965 0.01700340739 0.0196801317 0.02518752189 0.03432397412 0.04841701487 0.06951998588 0.1007179852 0.1465902456 0.2139011258 0.3126295228 0.4109591052 0.4879705029 0.5376919338 0.5566600339 0.5435506576 0.4990479669 0.425621914 0.3270486696 0.2075290015 0.1116618719 0.01036193127
 0.01645775776 0.01669749935 0.01931707188 0.02468829303 0.03357659337 0.04725058697 0.06766483082 0.09774250265 0.1417998761 0.2061762261 0.3001654331 0.4000897755 0.4786021943 0.5296297884 0.5497164065 0.5375484523 0.4937995563 0.4209062246 0.3226145607 0.203215454 0.1115509114 0.00777519544
 0.01614712675 0.01639381914 0.01895652174 0.02419217857 0.03283328892 0.0460896357 0.06581713996 0.09477733667 0.1370240914 0.1984727489 0.2877346592 0.3892864549 0.4693161358 0.5216507491 0.5428464555 0.5316084924 0.488618911 0.4163246034 0.3185369472 0.1998013737 0.1067084262 0.01063442195
 0.01584134705 0.01609520047 0.01860229096 0.02370490328 0.03210308294 0.04494862263 0.06400019414 0.09185993674 0.1323229478 0.1908865843 0.2754894993 0.378689772 0.4602334316 0.5138580393 0.5361396358 0.5258105946 0.4835778621 0.4119343051 0.3148292938 0.1971812326 0.09823443675 0.01819499403
 0.01554294624 0.01580444731 0.01825816972 0.02323218326 0.03139500112 0.04384202445 0.06223729238 0.08902774138 0.1277563668 0.1835131127 0.2635807451 0.3684405193 0.4514752676 0.506354694 0.5296844115 0.5202314135 0.4787399697 0.4077734081 0.3114654647 0.1951914372 0.08806202033 0.02928881327
 0.01525437602 0.0155242984 0.01792788354 0.02277966328 0.03071798413 0.04278421013 0.06055158944 0.08631798213 0.1233839396 0.1764471055 0.2521578828 0.3586784708 0.4431613569 0.4992420472 0.5235670323 0.5149439302 0.4741617686 0.4038662851 0.308393685 0.1936205245 0.07845059815 0.0424234095
 0.01497798041 0.0152573925 0.01761504824 0.02235285361 0.03008079796 0.04178931772 0.05896593825 0.08376751026 0.1192648054 0.1697828278 0.2413698085 0.3495411721 0.4354083527 0.4926182471 0.5178704194 0.5100171743 0.469894429 0.4002296988 0.3055513368 0.1922251888 0.07114375792 0.05585886324
 0.01471596521 0.0150062341 0.01732312414 0.02195706412 0.02949193841 0.04087112041 0.05750271589 0.08141260405 0.1154575229 0.1636142039 0.2313658388 0.3411625795 0.4283281824 0.4865767641 0.5126730998 0.5055160273 0.4659854736 0.3968788106 0.3028800939 0.1907620232 0.06646481574 0.06786500692
 0.01447036866 0.01477315921 0.01705536869 0.02159733339 0.02895952407 0.04004286939 0.05618360599 0.07928870012 0.1120198223 0.1580348259 0.2222966094 0.3336714073 0.4220262597 0.481204869 0.5080481378 0.5015009754 0.4624802404 0.3938324335 0.3003401834 0.189032017 0.06327292191 0.07697342223
 0.01424303303 0.01456030106 0.01681478688 0.02127835095 0.02849117272 0.03931710105 0.05502930876 0.07742998421 0.1090080946 0.1531375012 0.2143142434 0.3271890465 0.4165995517 0.4765820692 0.5040620279 0.4980277109 0.4594228328 0.3911168978 0.2979218245 0.1869247408 0.0601219922 0.08217788787
 0.01403557726 0.01436955547 0.01660407873 0.02100437122 0.02809385764 0.03870539885 0.05405915397 0.07586877988 0.1064764727 0.1490129941 0.2075709905 0.3218269615 0.4121345051 0.4727785118 0.5007735372 0.4951465161 0.4568563773 0.3887680207 0.2956517565 0.1844471367 0.05659119387 0.08305982188
 0.01384937048 0.01420254603 0.01642558447 0.02077911952 0.02777374334 0.03821810667 0.05329060405 0.07463469562 0.1044753881 0.1457476505 0.2022155258 0.3176835546 0.4087048748 0.4698533846 0.4982325027 0.4929014029 0.4548224966 0.3868308806 0.2935934392 0.1817272326 0.05389668173 0.07982547586
 0.01368550676 0.01406058972 0.0162812282 0.02060569231 0.02753600469 0.03786399983 0.05273865547 0.07375353336 0.1030495777 0.143419759 0.1983863617 0.3148406134 0.4063695418 0.4678533677 0.4964786176 0.4913290269 0.4533600089 0.3853574018 0.2918407766 0.1789919527 0.05436349038 0.07325432391
 0.01354478161 0.01394466379 0.01617246227 0.02048645598 0.02738463855 0.03764993204 0.05241517295 0.07324602231 0.102235648 0.1420948088 0.1962025042 0.3133595961 0.4051704483 0.4668112084 0.4955402544 0.4904574323 0.4525029715 0.3844020739 0.2905065681 0.1765264376 0.05941741229 0.0645714762
 0.01342767091 0.01385537538 0.01610021522 0.02042295074 0.0273222819 0.0375804878 0.05232821868 0.07312650715 0.102059467 0.1418201963 0.1957524687 0.3132781343 0.4051308045 0.4667445035 0.4954333962 0.4903047243 0.4522782798 0.3840163971 0.2897078327 0.1746270052 0.06797016218 0.05526776087
 0.01333431346 0.01379293567 0.01606484692 0.02041580737 0.02735005348 0.03765767743 0.05248145755 0.07340176897 0.1025337783 0.1426202829 0.197083738 0.3146071958 0.40625373 0.4676547798 0.4961607526 0.4908777929 0.452703104 0.3842428099 0.2895504208 0.1735594518 0.07743199534 0.0468925528
 0.01326449821 0.01375714055 0.01606611486 0.02046468509 0.02746743678 0.03788071345 0.05287372291 0.07407016724 0.1036564711 0.1444928162 0.2001951405 0.3173293148 0.4085214736 0.4695269531 0.4977111454 0.492171231 0.453782486 0.3851088971 0.2901149949 0.1735291048 0.08539868307 0.04082411829
 0.01321765757 0.01374735955 0.01610315499 0.02056823762 0.02767221924 0.03824589954 0.05349881051 0.07512125183 0.10540984 0.1474075051 0.2050340752 0.3213981694 0.4118953073 0.4723292296 0.5000592357 0.4941665872 0.4555074168 0.3866226253 0.2914458554 0.1746619551 0.09033881353 0.03799711946
 0.01319286787 0.01376253484 0.01617447986 0.02072411244 0.0279604967 0.03874664972 0.05434553478 0.07653591212 0.1077609711 0.1513070182 0.2114991349 0.3267395832 0.416316135 0.4760134836 0.5031656532 0.4968320771 0.4578536772 0.3887692268 0.2935435789 0.1769921383 0.09168389482 0.03866266462
 0.01318885782 0.01380119124 0.01627799547 0.02092898495 0.02832674515 0.03937363791 0.05539804036 0.07828703296 0.1106631493 0.1561100854 0.2194471426 0.3332538209 0.4217057817 0.4805161147 0.5069775578 0.5001228407 0.4607816451 0.391510178 0.2963621822 0.1804529542 0.08974153568 0.04241821375
 0.01320402547 0.0138614575 0.0164110368 0.021178626 0.02876395374 0.04011506119 0.05663632533 0.08034054522 0.114058003 0.1617159599 0.2287026469 0.3408188811 0.4279688757 0.4857593502 0.5114296322 0.5039817772 0.4642371627 0.394784494 0.2998113891 0.184874393 0.08551608836 0.04846901786
 0.01323646362 0.01394109862 0.01657042038 0.02146799843 0.02926380775 0.04095698885 0.05803690974 0.08265671621 0.11787802 0.1680093847 0.2390678324 0.3492944116 0.4349951908 0.4916529312 0.5164454715 0.5083409324 0.4681534284 0.3985122785 0.3037642431 0.1899940035 0.08042184205 0.05580155643
 0.01328399311 0.01403755791 0.01675251134 0.02179137597 0.0298169065 0.04188376406 0.0595735778 0.08519152501 0.1220491059 0.1748653581 0.2503313763 0.3585258785 0.4426622992 0.4980960968 0.5219392984 0.513123349 0.4724537368 0.4026001566 0.3080695939 0.195485748 0.0758858146 0.06326044753
 0.01334420318 0.01414800723 0.01695330141 0.0221424774 0.03041300084 0.04287842683 0.06121813076 0.08789800001 0.1264929489 0.1821532768 0.2622755669 0.3683486866 0.4508383868 0.5049797707 0.5278179155 0.5182452396 0.4770547784 0.4069479096 0.3125679779 0.2010045255 0.07293670452 0.06966995588
 0.01341449733 0.0142694035 0.0171684943 0.02251460856 0.0310412366 0.04392313289 0.06294110526 0.09072744134 0.1311290736 0.1897403099 0.274681637 0.3785920511 0.4593851023 0.5121888512 0.5339827855 0.5236183117 0.4818701276 0.411455414 0.3171084886 0.2062371953 0.07202175953 0.07400803104
 0.0134921435 0.01439854911 0.01739359473 0.02290080611 0.03169039308 0.04499955091 0.06471243042 0.09363049412 0.1358765569 0.1974940495 0.287333626 0.3890825139 0.4681603381 0.5196045141 0.540332134 0.5291520649 0.4868135349 0.4160289096 0.3215637863 0.2109481086 0.07321867734 0.07557669579
 0.01357432672 0.0145321545 0.01762399813 0.02329397808 0.03234910953 0.04608922812 0.06650201346 0.09655807021 0.1406554397 0.2052845798 0.3000211944 0.3996470734 0.4770208731 0.5271064538 0.5467629797 0.5347558983 0.4918016751 0.4205857329 0.325840645 0.2150089179 0.07660453931 0.07412623005
 0.01365820289 0.01466690075 0.01785507835 0.02368703764 0.03300609501 0.04717392064 0.06828025427 0.09946213482 0.145387893 0.2129861249 0.312541781 0.4101159471 0.4858248321 0.5345750033 0.5531730164 0.5403409103 0.4967561118 0.4250569279 0.3298843317 0.2184070483 0.08233580632 0.06991248202
 0.01374095213 0.01479950082 0.01808227138 0.02407302797 0.03365032 0.0482358885 0.07001849583 0.1022963812 0.1499991993 0.2204784167 0.3247023914 0.4203250078 0.4944339418 0.5418930959 0.5594623 0.5458213236 0.5016043705 0.4293875283 0.3336763776 0.2212325993 0.09034782065 0.0636796616
 0.01381983062 0.01492675798 0.01830115392 0.02444523687 0.0342711891 0.04925815774 0.07168941911 0.1050168164 0.1544186011 0.2276478865 0.3363212038 0.4301179411 0.5027155755 0.5489480487 0.5655347209 0.5511155316 0.5062801633 0.4335347137 0.3372265937 0.2236481242 0.1000364609 0.05656221071
 0.01389221971 0.0150456206 0.01850751549 0.02479730055 0.03485869552 0.05022475251 0.07326739081 0.1075822764 0.1585800531 0.2343887425 0.3472290915 0.4393481661 0.5105445915 0.5556331612 0.571299269 0.5561468158 0.5107229388 0.4374643879 0.3405611777 0.2258487904 0.1102615852 0.04988175469
 0.0139556716 0.01515323235 0.01869742386 0.02512329645 0.03540355804 0.05112089996 0.07472877026 0.1099548844 0.1624229001 0.2406039693 0.3572710966 0.447880549 0.5178049724 0.5618491372 0.5766711152 0.560843824 0.5148770271 0.441146954 0.3437092807 0.2280213508 0.1196385978 0.04479582122
 0.01400795076 0.01524697742 0.0188672831 0.025417825 0.0358973411 0.05193320996 0.07605217997 0.1121004575 0.1658924909 0.246206257 0.366307853 0.4555929296 0.5243912747 0.5675053383 0.5815725485 0.5651409197 0.5186906857 0.4445531336 0.3466904065 0.2303091223 0.1268958041 0.04185835043
 0.01404707063 0.01532452018 0.01901388424 0.02567608047 0.03633255878 0.05264983095 0.07721874167 0.113988867 0.1689407303 0.2511188557 0.3742169313 0.4623774676 0.5302098958 0.5725208838 0.5859338048 0.5689785139 0.5221153477 0.4476506062 0.3495046137 0.2327874838 0.1311524927 0.04085422809
 0.01407132512 0.0153838391 0.01913444819 0.02589391088 0.03670276263 0.05326058229 0.07821227861 0.1155943504 0.171526565 0.2552763427 0.3808940702 0.4681418071 0.5351801619 0.576825608 0.5896938215 0.5723034684 0.525105305 0.4504020607 0.3521268495 0.2354515206 0.1320768903 0.04120715883
 0.01407931449 0.01542325465 0.01922666097 0.02606786696 0.03700261361 0.05375706314 0.07901948315 0.1168957726 0.1736163965 0.2586252837 0.3862542537 0.4728100537 0.5392352374 0.5803608783 0.5928009372 0.5750696276 0.5276179704 0.4527649898 0.3545060467 0.2382155167 0.1299223323 0.04254075908
 0.01406996548 0.01544145096 0.01928870093 0.02619523999 0.03722793786 0.05413273725 0.07963004828 0.1178768331 0.1751844122 0.2611247707 0.3902325978 0.4763235514 0.5423228516 0.583080276 0.5952135386 0.5772384893 0.5296147448 0.4546932698 0.3565689472 0.240923302 0.1254463588 0.04480285512
 0.01404254536 0.01543749117 0.01931925815 0.02627408862 0.03737576601 0.05438299288 0.0800367613 0.1185262152 0.1762128267 0.2627468181 0.3927850122 0.4786414481 0.5444058374 0.5849501311 0.5969006446 0.5787799852 0.5310624077 0.4561402934 0.3582280296 0.2433683231 0.1197229228 0.0479608645
 0.01399666968 0.01541082638 0.01931754565 0.02630325428 0.03744435578 0.05450517731 0.08023555793 0.1188376731 0.1766920256 0.2634766052 0.3938886124 0.479741037 0.5454624723 0.5859499 0.5978423975 0.5796733009 0.5319348478 0.4570631818 0.3593923918 0.2453217393 0.1138779849 0.05167401321
 0.01393230383 0.01536129813 0.01928330268 0.02628236541 0.03743319763 0.05449860497 0.08022553528 0.1188100541 0.1766206052 0.2633125495 0.3935418603 0.4796178631 0.5454866144 0.5860723714 0.5980304272 0.5799076425 0.5322148904 0.4574274394 0.3599800129 0.2465654962 0.1088202855 0.05525508675
 0.01384975809 0.0152891344 0.01921678993 0.02621183026 0.0373430033 0.05436453916 0.08000892277 0.1184472534 0.1760053042 0.2622662072 0.39176442 0.4782855868 0.544487626 0.5853236837 0.5974680478 0.5794828455 0.5318959491 0.4572113409 0.3599295521 0.246925683 0.1050790591 0.05788916733
 0.01374967639 0.01519493941 0.01911877694 0.02609281857 0.0371756774 0.05410614696 0.0795910105 0.1177581003 0.1748608249 0.2603619926 0.3885967219 0.4757756021 0.5424900799 0.5837231441 0.5961702521 0.5784097298 0.5309832454 0.4564093733 0.3592098301 0.2463004681 0.1028303559 0.05890057444
 0.01363301873 0.01507967702 0.01899052173 0.02592723234 0.03693427228 0.05372842778 0.07898003527 0.1167561768 0.1732095436 0.257636718 0.384099232 0.4721364079 0.539533249 0.5813028404 0.5941634767 0.5767101263 0.5294943985 0.455034198 0.3578254512 0.2446772407 0.1020620692 0.05793706166
 0.01350103759 0.01494464836 0.01883374318 0.02571766596 0.03662292664 0.05323811627 0.07818702526 0.1154595681 0.1710811108 0.2541389541 0.3783514307 0.4674327385 0.5356703821 0.5781070464 0.5914851282 0.5744165362 0.5274592736 0.453116827 0.3558176439 0.24213541 0.1027090013 0.05504673088
 0.01335524845 0.01479146372 0.01865058637 0.02546735654 0.03624678891 0.05264356066 0.07722560508 0.1138905492 0.1685119469 0.2499282187 0.3714505098 0.4617444636 0.5309677776 0.574191428 0.5881828734 0.5715714215 0.5249190778 0.4507049869 0.3532602297 0.2388342033 0.104630527 0.05066051379
 0.01319739499 0.01462200936 0.01844358164 0.02518012489 0.03581192628 0.05195457835 0.07611176365 0.1120752104 0.1655446376 0.2450740009 0.3635098001 0.455165273 0.5255036683 0.5696220689 0.5843137178 0.5682261678 0.5219248001 0.4478599263 0.3502514865 0.2349880247 0.107473594 0.04549448262
 0.01302940953 0.01443840973 0.01821559788 0.02486030838 0.0353252209 0.05118229076 0.0748635884 0.1100430274 0.1622272375 0.2396546342 0.3546569492 0.4478011647 0.5193669394 0.5644743359 0.5799429064 0.5644397922 0.5185351705 0.4446521484 0.346903367 0.2308345922 0.1105842314 0.04038511989
 0.01285336944 0.01424298577 0.01796979101 0.02451268667 0.03479425497 0.05033894015 0.07350096975 0.1078263823 0.1586124922 0.2337560329 0.3450318715 0.4397687638 0.5126557024 0.5588316148 0.575142693 0.5602774908 0.5148143734 0.4411566891 0.3433298979 0.2266023734 0.1130832973 0.03608789078
 0.01267145059 0.01403821027 0.01770954862 0.02414240162 0.03422718668 0.0494376916 0.07204528102 0.1054600434 0.1547569923 0.2274703132 0.3347845028 0.4311934988 0.505475753 0.5527839488 0.5699910295 0.5558091299 0.5108297595 0.4374485859 0.3396365635 0.2224833191 0.1140800828 0.03312376217
 0.01248587889 0.01382666117 0.01743843181 0.02375487309 0.03363261932 0.04849242368 0.07051903962 0.1029806141 0.1507202721 0.2208943211 0.3240723924 0.4222076693 0.4979389427 0.5464266099 0.5645702209 0.5511077762 0.5066497856 0.4335991 0.3359121131 0.2186147554 0.1129152352 0.03179716949
 0.0122988816 0.01361097401 0.01716011553 0.02335571208 0.03301946607 0.04751751192 0.06894555589 0.1004259596 0.1465638732 0.2141280959 0.3130581809 0.4129484412 0.4901614932 0.5398586359 0.5589655914 0.5462483452 0.5023423521 0.4296730985 0.3322236743 0.215071461 0.1093410304 0.03236138951
 0.01211263967 0.0133937948 0.01687832885 0.02295063321 0.0323968133 0.04652760946 0.0673485771 0.09783462609 0.1423503912 0.2072733029 0.3019070143 0.4035558074 0.4822622844 0.5331813592 0.5532641909 0.5413064181 0.4979736386 0.4257277953 0.3286154581 0.2118667033 0.1035960014 0.03504136925
 0.01192924324 0.01317773451 0.01659679632 0.02254536823 0.03177378504 0.04553742942 0.06575193409 0.09524526301 0.1381425281 0.2004316723 0.2907839604 0.3941705538 0.474361142 0.5264969501 0.547553564 0.5363572458 0.4936074542 0.4218128473 0.3251108565 0.2089601991 0.09636258001 0.0397710604
 0.01175065169 0.01296532669 0.0163191821 0.0221455825 0.03115941155 0.04456153361 0.06417919844 0.09269606395 0.1340021755 0.193703486 0.2798514985 0.3849322682 0.4665771525 0.519906992 0.5419205872 0.531474929 0.4893050434 0.4179716117 0.321717367 0.2062714265 0.08860910181 0.04599171321
 0.01157866032 0.0127589894 0.01604903791 0.02175679619 0.03056250452 0.04361413197 0.06265335768 0.09022423819 0.1299895505 0.1871861585 0.2692671658 0.3759774293 0.4590270243 0.5135111004 0.5364503748 0.5267317392 0.4851252267 0.4142432292 0.3184335308 0.2036974126 0.0813331704 0.05277228673
 0.01141487481 0.01256099262 0.0157897561 0.02138431144 0.02999154123 0.04270889626 0.06119651504 0.08786552553 0.1261624089 0.1809729523 0.2591814434 0.3674376051 0.451823516 0.5074055952 0.5312252404 0.5221975273 0.4811247138 0.4106650981 0.3152568639 0.2011340057 0.07527223963 0.05907637685
 0.01126069469 0.01237343185 0.01554452855 0.02103314685 0.02945455907 0.04185879091 0.05982961861 0.08565376337 0.1225753532 0.1751518666 0.2497359589 0.3594377845 0.4450739426 0.5016822299 0.5263237035 0.5179391598 0.4773584138 0.407275268 0.3121916144 0.1984984901 0.07072693085 0.06398515898
 0.01111730624 0.01219820856 0.01531631193 0.0207079796 0.02895906157 0.0410759223 0.05857222234 0.0836205109 0.1192792446 0.1698047238 0.2410620628 0.3520948513 0.4388787699 0.4964269817 0.5218195273 0.5140199297 0.473879577 0.4041143015 0.3092551263 0.195749935 0.06764371753 0.06684439164
 0.01098568465 0.01203701724 0.01510779917 0.02041309534 0.02851193555 0.04037140616 0.05744227831 0.0817947293 0.1163207204 0.1650064536 0.2332797956 0.3455162009 0.4333303021 0.4917189064 0.5177807772 0.5104988961 0.4707396385 0.4012262414 0.30648173 0.1929029894 0.0659116708 0.06734958649
 0.01086660444 0.01189133858 0.01492139681 0.02015234509 0.02811937855 0.03975525128 0.05645595622 0.0802025102 0.1137417997 0.1608245506 0.2264972033 0.3397984851 0.4285114635 0.4876290607 0.5142689002 0.5074301323 0.4679876877 0.3986584594 0.3039234371 0.1900316364 0.06560177748 0.06557516013
 0.01076065648 0.01176243775 0.01475920712 0.0199291081 0.02778683462 0.03923625588 0.05562748335 0.07886683834 0.1115795502 0.1573186468 0.2208098891 0.3350264615 0.4244946761 0.4842194983 0.511337827 0.5048618803 0.4656695508 0.3964603435 0.3016472671 0.1872616563 0.0669034781 0.0619485802
 0.01066826943 0.01165136617 0.01462301362 0.01974625908 0.02751893622 0.03882191264 0.05496899629 0.07780736991 0.1098657751 0.1545401147 0.2163006219 0.3312719197 0.4213408346 0.4815423505 0.5090331131 0.5028356363 0.4638265384 0.3946809613 0.2997296379 0.1847534487 0.06980007705 0.05717392314
 0.01058973276 0.01155896495 0.01451426876 0.01960613815 0.02731944989 0.03851831801 0.05449039571 0.07704020776 0.1086266805 0.1525316049 0.2130387833 0.3285926623 0.4190983828 0.4796390013 0.5073911397 0.501385211 0.4624939661 0.3933659967 0.2982487568 0.1826793143 0.07380610075 0.05211517424
 0.01052521874 0.0114858683 0.01443408197 0.01951052231 0.027191224 0.03833008299 0.05419919807 0.07657765916 0.1078824853 0.1513264361 0.2110794521 0.3270315305 0.4178025037 0.4785393771 0.5064384017 0.5005358248 0.4616995958 0.3925543558 0.2972762142 0.1812002687 0.07802958522 0.04765479079
 0.01047480081 0.01143250505 0.01438320745 0.01946059764 0.02713613804 0.03826024468 0.0541003828 0.07642797177 0.1076469641 0.1509477994 0.2104620177 0.3266154911 0.4174744414 0.4782613687 0.5061909166 0.500303306 0.4614621672 0.3922748799 0.2968689768 0.1804465116 0.08148181298 0.04454789927
 0.01043846603 0.01139909723 0.0143620308 0.01945693246 0.02715505464 0.03831018112 0.05419623986 0.07659505692 0.1079269376 0.151407804 0.2112083594 0.3273548212 0.4181209795 0.478810411 0.5066537873 0.5006934622 0.4617901841 0.3925435784 0.2970627657 0.1805034095 0.0833979152 0.04329914058
 0.01041612047 0.01138565493 0.01437055502 0.01949945254 0.02724777682 0.03847953507 0.05448622902 0.07707822352 0.1087217582 0.1527064639 0.2133208097 0.329242458 0.4197341064 0.480179242 0.5078209496 0.5017016863 0.462681102 0.3933617266 0.2978675233 0.1814026857 0.0834371696 0.0440913189
 0.01040758687 0.0113919679 0.01440838685 0.01958742072 0.02741301474 0.0387661546 0.05496686726 0.0778719564 0.1100228641 0.1548307837 0.2167802452 0.3322535878 0.4222909015 0.4823478656 0.5096751318 0.5033128457 0.4641210232 0.3947150752 0.2992654248 0.1831178649 0.08174640927 0.04677601157
 0.01041259511 0.01141759465 0.014474725 0.01971942345 0.02764836685 0.03916606005 0.05563166251 0.07896577661 0.1118134797 0.1577541143 0.2215446972 0.3363455525 0.4257536689 0.4852837329 0.5121880421 0.5055014799 0.4660849544 0.3965742955 0.3012117017 0.1855640832 0.078901129 0.05090870849
 0.01043076682 0.01146185075 0.01456835254 0.01989336746 0.02795032018 0.03967344574 0.05647111055 0.08034421736 0.1140685331 0.1614359267 0.2275487947 0.3414581336 0.4300703428 0.4889421548 0.5153207901 0.5082323093 0.4685376206 0.3988966466 0.3036383386 0.1886038665 0.07573780574 0.05581385962
 0.01046159624 0.01152379847 0.01468763569 0.02010648927 0.0283142739 0.04028072324 0.0574727667 0.08198693752 0.1167548317 0.1658220847 0.234704204 0.3475142481 0.435175172 0.4932669445 0.5190245339 0.5114610287 0.4714347673 0.4016286991 0.3064604092 0.1920606857 0.07310824676 0.06068195011
 0.01050443 0.01160223999 0.0148305309 0.02035537951 0.02873458848 0.04097860943 0.05862139741 0.08386898001 0.1198315065 0.1708456256 0.2429010455 0.3544210566 0.4409896809 0.4981912812 0.5232413314 0.5151353338 0.4747248203 0.4047098 0.3095843888 0.1957402955 0.0716427517 0.06469450513
 0.0105584486 0.01169571621 0.01499460189 0.02063602322 0.02920466109 0.04175625902 0.0598992091 0.08596116722 0.1232507027 0.1764279865 0.2520101269 0.3620714528 0.447423889 0.5036387762 0.5279051651 0.5191961129 0.4783507342 0.4080758421 0.3129173428 0.1994569667 0.07165568447 0.06715755612
 0.01062265243 0.01180251299 0.01517704732 0.02094385593 0.02971702584 0.04260143793 0.06128614589 0.0882306139 0.1269584711 0.1824805764 0.2618857599 0.3703458814 0.4543777585 0.5095247126 0.5329430986 0.5235787209 0.4822518349 0.4116628373 0.316375574 0.2030593884 0.07324938045 0.06761962439
 0.01069585442 0.0119206758 0.01537473913 0.02127383445 0.03026347599 0.04350073128 0.06276024326 0.0906413313 0.1308958076 0.1889065796 0.2723689182 0.3791144145 0.4617428339 0.5157574274 0.5382765237 0.528214258 0.4863654727 0.4154098115 0.319891291 0.2064504712 0.07648350791 0.06595459759
 0.01077668135 0.01204803321 0.01558427079 0.02162052028 0.03083520411 0.04443977838 0.06429802327 0.09315489445 0.134999785 0.1956028842 0.2832905378 0.3882390151 0.4694040278 0.5222397991 0.5438224564 0.5330307848 0.4906283405 0.4192606465 0.3234161658 0.2095966886 0.08140675208 0.06239640131
 0.01086358441 0.01218222881 0.01580201408 0.02197817306 0.03142295564 0.04540352658 0.06587491648 0.09573114636 0.1392047316 0.2024620557 0.2944748185 0.3975759184 0.4772415126 0.5288708082 0.5494948492 0.5379544292 0.4949773738 0.4231646736 0.3269212335 0.2125252451 0.08790917817 0.05751757198
 0.01095485923 0.01232076072 0.01602418262 0.02234085127 0.03201719104 0.04637649615 0.06746569767 0.09832891679 0.1434434174 0.2093742936 0.3057424398 0.4069780685 0.4851326733 0.5355471373 0.5552058933 0.5429103673 0.4993502248 0.4270760416 0.3303932803 0.2153102595 0.09555543598 0.0521447051
 0.01104867479 0.01246102723 0.0162469001 0.02270251708 0.03260825223 0.04734304916 0.06904492383 0.100906738 0.1476482231 0.2162293355 0.3169136456 0.41629756 0.4929540844 0.542164786 0.560867299 0.5478236885 0.5036853819 0.4309520906 0.3338285029 0.2180513982 0.1035713701 0.04719993399
 0.01114310979 0.01260037684 0.01646627115 0.02305714272 0.03318652927 0.0482876564 0.07058736564 0.103423544 0.1517522726 0.2229182834 0.3278111759 0.4253880403 0.5005834764 0.5486206756 0.566391549 0.5526201799 0.5079220644 0.4347511321 0.3372246585 0.2208494474 0.1110023695 0.04346798211
 0.01123619484 0.01273616103 0.01667845282 0.02339881586 0.03374262374 0.04919515721 0.07206842485 0.1058393425 0.1556905141 0.2293353388 0.3382630363 0.4341070395 0.5079016625 0.5548142278 0.5716931275 0.5572270801 0.5120000656 0.4384301278 0.3405731053 0.2237831008 0.1169442092 0.0413616035
 0.01132595854 0.01286578782 0.01687972496 0.02372184167 0.03426750603 0.05005100828 0.07346453196 0.1081158532 0.1594007422 0.2353794352 0.3481050972 0.4423181962 0.5147943976 0.5606488999 0.5766897309 0.5615738582 0.5158597218 0.4419427678 0.3438520657 0.226890181 0.1207485596 0.04086339094
 0.01141047531 0.01298677459 0.01706655773 0.02402084001 0.03475266394 0.05084151778 0.0747535194 0.1102171039 0.1628245514 0.2409557594 0.3571835141 0.4498933562 0.521154149 0.5660336619 0.5813034639 0.5655930644 0.5194421654 0.445238384 0.3470222069 0.2301552838 0.1221533422 0.0417251225
 0.01148791323 0.01309679865 0.01723567516 0.02429083576 0.03519024062 0.05155406214 0.07591496625 0.1121099808 0.1659082147 0.2459771523 0.3653569562 0.4567145193 0.5268817533 0.5708844008 0.5854620194 0.5692212828 0.5226899687 0.4482619993 0.3500252783 0.2335049769 0.1213215036 0.04370800142
 0.01155657988 0.01319374428 0.01738411325 0.02452734143 0.03557316006 0.05217728296 0.07693051095 0.1137647275 0.1686034791 0.2503653774 0.3724986296 0.4626756152 0.5318879421 0.5751252348 0.5890998321 0.5724001905 0.5255482161 0.4509556334 0.3527861329 0.2368112341 0.1187872383 0.04661796879
 0.01161496492 0.01327574526 0.01750927217 0.02472643061 0.03589523878 0.05270126204 0.07778412915 0.1151553878 0.1708682728 0.2540522496 0.3784980753 0.467684088 0.5360947146 0.5786897169 0.5921591851 0.5750776984 0.527965967 0.4532607929 0.3552180016 0.2399033328 0.1153209747 0.0501737183
 0.01166177789 0.01334122206 0.0176089613 0.02488480165 0.03615128234 0.05311767258 0.07846237366 0.1162601881 0.1726673161 0.2569806103 0.3832627279 0.4716622709 0.5394365385 0.5815219079 0.5945912416 0.5772091218 0.5298979947 0.4551218728 0.3572304122 0.2425875126 0.1117439592 0.05390918442
 0.01169598045 0.01338891305 0.01768143703 0.02499983061 0.0363371657 0.05341990519 0.07895457444 0.1170618566 0.1739726307 0.2591051417 0.3867192149 0.4745485366 0.5418613618 0.5835772956 0.5963569642 0.5787583067 0.5313066296 0.4564900422 0.3587386964 0.2446722314 0.1087492214 0.05721988789
 0.0117168121 0.01341789917 0.01772543242 0.02506961309 0.03644989671 0.05360316724 0.07925299624 0.1175478748 0.1747639419 0.2603930096 0.388814385 0.4762982071 0.5433314181 0.5848235368 0.5974278834 0.5796986297 0.5321635004 0.457327082 0.3596736933 0.2459952914 0.1067970803 0.05951000525
 0.011723809 0.01342762182 0.01774017876 0.02509299442 0.03648766181 0.05366455451 0.07935295251 0.1177106591 0.1750289688 0.2608243281 0.3895160511 0.4768842126 0.5438238126 0.5852410051 0.5977866792 0.580013784 0.5324509631 0.4576086246 0.3599901272 0.2464481251 0.1061177186 0.06034886005
