/rn,a,b/nx0/ls1
/r,qa,qb
246 -0.49 0.49 0 OUTPUT_AMPLITUDE_3D 0 0 0 0 0 Wavelength=1
22 0 0.21
 0.01435585391 0.01562527454 0.01923771993 0.02570545859 0.03595052208 0.05145080619 0.07445654576 0.1083171286 0.1579694579 0.2306596211 0.3370037148 0.4543794271 0.5466954362 0.6089033059 0.6376795742 0.6316142333 0.59130685 0.5193807675 0.4204807262 0.3015597426 0.181617482 0.1019155799
 0.01435433697 0.01562321649 0.01923474236 0.02570103601 0.03594389239 0.05144083921 0.07444155035 0.1082945658 0.1579355116 0.2306085526 0.3369268931 0.4542726791 0.5465622961 0.6087481791 0.6375075689 0.6314309656 0.5911182318 0.5191927975 0.42029934 0.3013909164 0.1814571195 0.1017916618
 0.01434979283 0.01561705121 0.01922582231 0.02568778693 0.03592403127 0.0514109804 0.0743966279 0.1082269743 0.1578338194 0.2304555697 0.3366967665 0.4539529109 0.5461634775 0.6082835124 0.6369923616 0.6308820449 0.5905533042 0.5186298058 0.4197559693 0.3008847804 0.1809763139 0.1014208111
 0.01434224471 0.01560680905 0.01921100242 0.02566577357 0.03589103109 0.051361368 0.07432198598 0.1081146662 0.1576648513 0.2302013799 0.3363143998 0.4534216028 0.5455008279 0.6075114587 0.6361363347 0.6299699906 0.5896145979 0.5176941321 0.4188523539 0.3000414832 0.1801745569 0.100804243
 0.01433173116 0.01559254034 0.01919035352 0.02563509927 0.03584504527 0.0512922316 0.07421796942 0.1079581602 0.1574293877 0.2298471579 0.3357815616 0.4526812143 0.5445774169 0.6064355951 0.6349434491 0.6286989951 0.5883063366 0.5163897157 0.4175915249 0.2988616556 0.1790514303 0.09994421213
 0.01431830578 0.0155743152 0.01916397421 0.02559590793 0.03578628748 0.051203891 0.07408505848 0.1077581787 0.157128516 0.2293945408 0.3351007159 0.451735172 0.5433975217 0.6050609079 0.6334192289 0.6270749149 0.5866344442 0.5147221484 0.4159779817 0.2973469227 0.1776071796 0.09884432453
 0.01430203695 0.01555222303 0.01913199033 0.02554838324 0.03571503054 0.05109675453 0.07392386652 0.1075156442 0.1567636248 0.228845619 0.3342750102 0.4505878533 0.5419666073 0.6033937702 0.63157074 0.6251052541 0.5846065483 0.5126987313 0.4140178935 0.2955004965 0.1758433804 0.09750990809
 0.01428300734 0.01552637203 0.01909455424 0.02549274773 0.03563160498 0.05097131703 0.07373513683 0.107231675 0.1563363973 0.2282029268 0.3333082601 0.4492445653 0.540291301 0.6014419129 0.6294065609 0.6227991419 0.5822319755 0.510328523 0.4117192888 0.2933277524 0.1737635882 0.09594838728
 0.01426131342 0.01549688857 0.01905184401 0.02542926152 0.03553639733 0.0508281572 0.07351973884 0.1069075792 0.1558488027 0.2274694291 0.3322049304 0.447711519 0.5383793599 0.5992143891 0.6269367455 0.6201672983 0.5795217336 0.5076223649 0.4090921992 0.2908366901 0.1713738642 0.09416961152
 0.01423706485 0.01546391641 0.01900406237 0.02535822096 0.03542984806 0.0506679347 0.07327866368 0.1065448481 0.1553030862 0.2266485072 0.3309701129 0.4459957985 0.5362396339 0.5967215307 0.6241727772 0.6172219903 0.5764884763 0.5045928737 0.4061487261 0.2880382022 0.1686830877 0.09218609688
 0.01421038379 0.01542761588 0.0189514356 0.02527995702 0.03531244925 0.05049138662 0.07301301905 0.1061451485 0.1547017578 0.2257439409 0.3296095007 0.4441053258 0.5338820212 0.593974898 0.621127514 0.6139769744 0.5731464484 0.5012543951 0.4029030142 0.2849460994 0.1657030038 0.09001315942
 0.01418140414 0.01538816291 0.01889421225 0.02519483344 0.03518474197 0.05029932363 0.0727240234 0.1057103144 0.1540475789 0.2247598898 0.3281293593 0.4420488205 0.5313174191 0.5909872222 0.6178151243 0.6104474284 0.5695114107 0.4976229155 0.3993711281 0.2815768842 0.162447992 0.08766894117
 0.01415027064 0.01534574796 0.01883266171 0.02510324478 0.03504731337 0.05009262568 0.07241299956 0.105242337 0.1533435486 0.2237008713 0.3265364945 0.439835755 0.528557668 0.5877723401 0.6142510142 0.6066498698 0.565600547 0.4937159383 0.3955708427 0.2779493022 0.158934593 0.0851743537
 0.01411713802 0.01530057493 0.01876707268 0.02500561421 0.03490079347 0.04987223725 0.07208136767 0.1047433542 0.1525928872 0.2225717374 0.3248382164 0.4374763057 0.5256154901 0.5843451223 0.6104517465 0.6026020654 0.561432355 0.489552332 0.3915213733 0.274083738 0.1551808658 0.08255298394
 0.01408216998 0.01525285988 0.0186977515 0.02490239113 0.03474585173 0.04963916228 0.07173063755 0.1042156394 0.1517990196 0.2213776485 0.3230423012 0.4349812986 0.5225044222 0.580721395 0.6064349518 0.5983229305 0.557026527 0.4851521638 0.3872430768 0.2700015464 0.1512056781 0.07983102021
 0.01404553816 0.01520282973 0.01862502038 0.02479404868 0.03458319334 0.04939445864 0.07136240054 0.1036615892 0.1509655565 0.2201240458 0.3211569493 0.4323621522 0.5192387437 0.5769178546 0.6022192328 0.5938324223 0.552403825 0.4805365306 0.3827571633 0.2657244203 0.1470280451 0.07703725854
 0.01400742107 0.01515072095 0.01854921553 0.02468108104 0.03441355529 0.04913923233 0.07097832069 0.1030837101 0.1500962749 0.2188166219 0.3191907408 0.4296308149 0.5158333986 0.5729519776 0.5978240627 0.5891514281 0.547585954 0.4757274009 0.3780854501 0.2612738921 0.1426666245 0.07420323864
 0.01396800291 0.01509677803 0.01847068517 0.02456400059 0.03423770224 0.04887463126 0.07058012559 0.1024846045 0.1491950972 0.217461289 0.3171525881 0.4267996994 0.5123039142 0.5688419244 0.5932696782 0.5843016489 0.5425954381 0.4707474771 0.3732501853 0.2566710383 0.1381394526 0.07136353308
 0.01392747248 0.01504125207 0.01838978753 0.02444333503 0.03405642217 0.04860183885 0.07016959665 0.1018669567 0.148266069 0.2160641461 0.3150516859 0.4238816134 0.5086663133 0.5646064382 0.5885769671 0.579305481 0.5374555006 0.4656200813 0.3682739535 0.2519364296 0.1334639701 0.06855617195
 0.01388602193 0.01498439923 0.01830688868 0.02431962424 0.03387052192 0.04832206729 0.06974855902 0.1012335169 0.1473133366 0.2146314444 0.3128974598 0.4208896869 0.5049370245 0.560264739 0.5837673516 0.574185894 0.5321899471 0.4603690653 0.363179661 0.2470903207 0.1286573383 0.0658231273
 0.01384384562 0.01492647918 0.01822236043 0.02419341726 0.03368082248 0.04803655058 0.06931887115 0.1005870863 0.1463411229 0.2131695513 0.310699511 0.4178372968 0.5011327869 0.5558364136 0.5788626675 0.5689663063 0.5268230514 0.4550187379 0.3579905843 0.2421530368 0.1237370045 0.06321070928
 0.01380113888 0.01486775354 0.01813657808 0.024065269 0.03348815436 0.04774653746 0.06888241407 0.09993050038 0.1453537031 0.2116849136 0.3084675613 0.4147379886 0.4972705527 0.5513413013 0.5738850378 0.5636704559 0.5213794389 0.4495937984 0.3527304513 0.2371454765 0.1187214318 0.06076964367
 0.01375809683 0.01480848433 0.01804991829 0.02393573707 0.03329335267 0.04745328419 0.06844108054 0.09926661239 0.1443553797 0.2101840194 0.3062113958 0.4116053966 0.4933673868 0.5467993766 0.5688567435 0.5583222656 0.5158839637 0.4441192635 0.3474235186 0.2320896289 0.1136308884 0.05855452514
 0.01371491324 0.01474893237 0.01796275678 0.02380537854 0.03309725237 0.04715804724 0.06799676397 0.09859827705 0.1433504574 0.2086733602 0.303940804 0.4084531622 0.489440364 0.5422306279 0.5638000886 0.5529457026 0.5103615753 0.4386203747 0.3420946073 0.2270089964 0.1084881768 0.05662230555
 0.01367177934 0.01468935583 0.01787546624 0.02367474668 0.03290068341 0.046862076 0.06755134746 0.09792833349 0.1423432171 0.2071593919 0.301665522 0.4052948519 0.485506465 0.5376549358 0.5587372628 0.5475646308 0.5048371718 0.4331224745 0.3367690618 0.2219288254 0.1033192 0.05502953961
 0.01362888277 0.01463000869 0.01778841412 0.02354438784 0.03270446598 0.04656660563 0.06710669278 0.09725958875 0.1413378914 0.2056484965 0.2993951736 0.4021438746 0.4815824726 0.5330919482 0.5536902005 0.5422026572 0.4993354369 0.4276508437 0.3314726118 0.2168760775 0.09815328359 0.05382833725
 0.01358640649 0.01457113934 0.01770196064 0.02341483835 0.0325094058 0.04627284991 0.06666462966 0.09659480139 0.1403386392 0.204146944 0.2971392123 0.3990134001 0.4776848674 0.5285609572 0.5486804391 0.5368829722 0.4938806634 0.4222305007 0.3262311281 0.2118791089 0.0930232181 0.05306138774
 0.01354452787 0.01451298923 0.01761645674 0.02328662152 0.03231628969 0.04598199443 0.06622694535 0.09593666555 0.1393495214 0.2026608554 0.2949068648 0.3959162792 0.4738297265 0.5240807765 0.5437289769 0.5316281876 0.4884965637 0.4168859655 0.3210702827 0.2069670773 0.08796502701 0.05275693168
 0.01350341768 0.01445579161 0.01753224224 0.02316024485 0.03212588121 0.04569519002 0.06579537458 0.09528779566 0.1383744776 0.2011961673 0.2927070766 0.3928649665 0.4700326244 0.5196696226 0.5388561341 0.5264601751 0.4832060749 0.4116410001 0.3160151367 0.2021691347 0.08301750969 0.05292491305
 0.01346323939 0.01439977038 0.01744964414 0.02303619735 0.03193891664 0.04541354656 0.06537159013 0.094650712 0.1374173042 0.1997585974 0.29054846 0.3898714467 0.4663085392 0.5153450006 0.5340814188 0.5213999077 0.478031165 0.4065183409 0.3110896944 0.1975135024 0.07822163655 0.0535554485
 0.01342414832 0.01434513901 0.01736897497 0.02291494715 0.03175610123 0.04513812725 0.06495719401 0.09402782721 0.1364816335 0.1983536136 0.2884392454 0.3869471662 0.4626717642 0.5111235973 0.5294234005 0.5164673109 0.4729926466 0.4015394402 0.3063164658 0.1930265433 0.07361988065 0.05462011475
 0.01338629113 0.01429209966 0.01729053143 0.02279693928 0.03157810583 0.0448699434 0.06455370948 0.09342143406 0.1355709149 0.1969864046 0.2863872377 0.38410297 0.4591358275 0.5070211836 0.5248995945 0.5116811256 0.468110009 0.396724233 0.3017160799 0.188731945 0.06925554799 0.05607565053
 0.01334980519 0.01424084239 0.01721459313 0.02268259374 0.03140556388 0.04460994979 0.06416257396 0.09283369454 0.1346883985 0.1956618546 0.2843997766 0.3813490461 0.4557134201 0.5030525269 0.5205263595 0.507058788 0.4634012722 0.392090946 0.2973069847 0.1846501115 0.06517211531 0.05786897915
 0.01331481824 0.0141915445 0.01714142159 0.02257230391 0.0312390689 0.0443590408 0.06378513296 0.09226663054 0.1338371205 0.1943845215 0.2824837027 0.3786948771 0.4524163341 0.4992313169 0.5163188104 0.5026163295 0.4588828714 0.3876559566 0.2931052557 0.1807978236 0.0614125021 0.05994229604
 0.01328144804 0.01414437005 0.01707125943 0.02246643521 0.03107917237 0.04411804708 0.06342263507 0.09172211615 0.1330198915 0.1931586185 0.2806453302 0.3761492015 0.4492554132 0.4955701053 0.5122907483 0.4983682984 0.4545695723 0.3834337076 0.289124522 0.1771881805 0.05801811022 0.06223728335
 0.01324980222 0.01409946955 0.01700432977 0.02236532412 0.0309263822 0.04388773316 0.06307622815 0.09120187184 0.1322392876 0.1919880002 0.2788904255 0.3737199835 0.4462405142 0.4920802604 0.5084546097 0.4943277055 0.4504744198 0.379436675 0.2853759971 0.1738307927 0.05502739275 0.06469802378
 0.01321997819 0.01405697973 0.01694083586 0.02226927755 0.03078116162 0.04366879572 0.06274695673 0.09070746048 0.1314976441 0.1908761541 0.2772241937 0.3714143936 0.4433804822 0.488771938 0.5048214346 0.4905059937 0.4466087179 0.3756753836 0.2818685957 0.1707321531 0.05247372031 0.06727262479
 0.01319206318 0.01401702356 0.01688096097 0.02217857253 0.03064392869 0.04346186277 0.0624357607 0.09024028524 0.1307970529 0.1898261953 0.2756512709 0.3692387988 0.4406831395 0.485654069 0.5014008547 0.4869130306 0.4429820376 0.3721584585 0.2786091022 0.1678960899 0.05038246208 0.06991381688
 0.01316613436 0.01397971032 0.01682486844 0.02209345624 0.03051505625 0.04326749353 0.06214347514 0.08980158954 0.1301393617 0.1888408667 0.2741757253 0.3671987641 0.4381552875 0.4827343636 0.4982011012 0.4835571239 0.4396022502 0.3688927013 0.2756023572 0.1653242033 0.04876751905 0.07257887253
 0.01314225911 0.0139451359 0.016772702 0.02201414637 0.03039487245 0.04308617919 0.06187083151 0.08939245882 0.1295261778 0.1879225442 0.2728010647 0.3652990635 0.4358027224 0.4800193314 0.4952290314 0.4804450577 0.4364755803 0.3658831808 0.2728514331 0.1630162023 0.047627968 0.07522916828
 0.01312049531 0.01391338314 0.01672458624 0.02194083183 0.03028366167 0.04291834442 0.06161845993 0.08901382417 0.1289588731 0.187073245 0.2715302506 0.3635437015 0.4336302636 0.4775143181 0.4924901739 0.477582148 0.4336066764 0.3631333282 0.2703577757 0.1609700931 0.0469457867 0.07782964135
 0.01310089178 0.01388452238 0.01668062731 0.02187367364 0.03018166599 0.04276434947 0.06138689257 0.0886664677 0.1284385928 0.1862946417 0.2703657197 0.3619359437 0.4316417941 0.4752235559 0.4899887898 0.4749723156 0.430998696 0.3606450343 0.2681213058 0.1591822144 0.04668557653 0.08034830936
 0.01308348874 0.01385861204 0.01664091373 0.02181280622 0.03008908701 0.04262449305 0.06117656805 0.08835102939 0.1279662663 0.1855880787 0.2693094101 0.3604783557 0.4298403125 0.473150228 0.4877279499 0.4726181752 0.4286534036 0.3584187464 0.2661404837 0.1576471531 0.04679668407 0.08275594534
 0.01306831836 0.01383569931 0.01660551738 0.02175833874 0.03000608802 0.0424990157 0.0609878367 0.08806801533 0.1275426201 0.184954593 0.2683627941 0.3591728501 0.4282279936 0.4712965445 0.4857096257 0.4705211393 0.4265712821 0.3564535704 0.264412354 0.1563576111 0.04721736362 0.08502593573
 0.01305540528 0.01381582091 0.01657449456 0.02171035682 0.02993279647 0.04238810357 0.06082096653 0.08781780708 0.1271681924 0.184394937 0.2675269135 0.3580207384 0.426806258 0.4696638282 0.4839347905 0.4686815341 0.4247516568 0.3547473821 0.2629325943 0.1553043022 0.04788002776 0.08713429961
 0.01304476728 0.0137990039 0.01654788718 0.02166892423 0.02986930663 0.04229189259 0.06067614968 0.08760067186 0.1268433491 0.1839096037 0.2668024198 0.3570227887 0.4255758472 0.4682526079 0.4824035318 0.4670987276 0.4231928328 0.3532969575 0.2616955931 0.1544759572 0.04871648105 0.08905981384
 0.01303641587 0.01378526651 0.01652572398 0.02163408472 0.02981568247 0.04221047292 0.06055350938 0.08741677333 0.1265683008 0.1834988532 0.2661896151 0.3561792862 0.4245369029 0.4670627174 0.4811151683 0.4657712658 0.4218922461 0.3520981253 0.2606945796 0.15385949 0.0496622923 0.09078417062
 0.0130303569 0.01377461899 0.01650802174 0.02160586394 0.0297719605 0.04214389338 0.06045310693 0.0872661826 0.12634312 0.1831627396 0.2656884953 0.3554900944 0.4236890484 0.4660933959 0.4800683723 0.4646970151 0.4208466263 0.3511459466 0.2599218197 0.1534403462 0.05065989144 0.09229209232
 0.01302659118 0.01376706444 0.01649478651 0.02158427125 0.02973815272 0.04209216604 0.0603749488 0.08714888929 0.1261677584 0.1829011386 0.2652987921 0.3549547175 0.4230314696 0.4653433903 0.4792612916 0.4638733081 0.420052169 0.3504349212 0.2593688828 0.1532030239 0.05166035304 0.09357134026
 0.01302511507 0.01376259962 0.01648601484 0.02156930162 0.02971424941 0.04205527059 0.06031899345 0.08706481227 0.1260420637 0.1827137735 0.2650200144 0.3545723597 0.4225629941 0.4648110526 0.4786916695 0.4632970879 0.4195047128 0.3499592158 0.2590269718 0.1531317239 0.05262405521 0.09461257786
 0.01302592102 0.01376121568 0.01648169487 0.02156093729 0.0297002218 0.04203315845 0.06028515786 0.08701380977 0.1259657955 0.1826002397 0.2648514873 0.3543419819 0.422282165 0.4644944337 0.4783569584 0.4629650479 0.4191999154 0.3497129044 0.2588872995 0.1532110772 0.053520495 0.09540907848
 0.01302899808 0.01376289888 0.01648180735 0.02155914938 0.02969602455 0.04202575666 0.06027332347 0.08699568871 0.1259386398 0.1825600281 0.2647923872 0.354262353 0.422187309 0.4643913676 0.4782544241 0.4628737607 0.4191334227 0.3496902099 0.2589414857 0.1534268851 0.05432755393 0.09595630035
 0.01303433233 0.01376763122 0.01648632661 0.0215638993 0.02970159791 0.04203297129 0.06028334151 0.08701021299 0.125960222 0.1825925446 0.2648417738 0.3543320953 0.4222765959 0.4644995465 0.4783812382 0.4630197935 0.419301021 0.3498857314 0.2591819439 0.1537668162 0.05503048396 0.09625137951
 0.01304190728 0.01377539091 0.01649522132 0.02157514 0.02971686965 0.04205469031 0.06031503749 0.08705711046 0.1260301176 0.1826971275 0.2649986157 0.3545497225 0.4225480882 0.464816583 0.4787345539 0.4633998044 0.419698767 0.3502946412 0.2596022275 0.1542210074 0.05562084728 0.09629261105
 0.01305170414 0.01378615286 0.01650845512 0.02159281689 0.02974175654 0.04209078597 0.06036821488 0.08713607858 0.1261478609 0.1828730606 0.2652618119 0.3549136698 0.4229997804 0.4653400581 0.4793115656 0.464010616 0.4203230879 0.3509128398 0.2601973027 0.1547825303 0.05609559922 0.09607899752
 0.01306370213 0.01379988899 0.01652598715 0.02161686864 0.02977616552 0.04214111658 0.06044265777 0.08724678855 0.1263129516 0.1831195828 0.2656302061 0.3554223147 0.423629626 0.4660675547 0.4801095486 0.4648492641 0.4211708446 0.3517370531 0.2609637257 0.155447688 0.05645645121 0.09560993752
 0.01307787855 0.01381656844 0.01654777234 0.02164722768 0.02981999446 0.04220552761 0.06053813264 0.08738888786 0.1265248583 0.1834358945 0.2661025961 0.3560739894 0.4244355526 0.4669966753 0.4811258787 0.4659130192 0.4222393575 0.3527648679 0.2618997037 0.1562161198 0.05670958945 0.09488510965
 0.01309420894 0.01383615769 0.01657376163 0.02168382042 0.02987313251 0.04228385226 0.060654389 0.08756200132 0.1267830202 0.1838211589 0.2666777355 0.3568669839 0.4254154649 0.4681250435 0.4823580313 0.4671993812 0.4235263916 0.3539946991 0.2630050327 0.1570906966 0.05686575398 0.09390457833
 0.01311266704 0.01385862056 0.01660390189 0.02172656726 0.02993546006 0.0423759113 0.06079115925 0.08776573057 0.1270868459 0.1842745003 0.2673543311 0.3577995396 0.4265672355 0.4694502907 0.4838035617 0.4687060474 0.4250301031 0.3554256938 0.2642809138 0.1580772023 0.05694060808 0.09266911426
 0.01313322472 0.01388391815 0.01663813587 0.02177538235 0.03000684836 0.04248151242 0.06094815742 0.08799965206 0.1274357102 0.1847949986 0.2681310328 0.3588698355 0.4278886848 0.4709700286 0.4854600663 0.4704308577 0.4267489524 0.3570575789 0.2657296627 0.1591838098 0.0569552534 0.09118068754
 0.01315585189 0.0139120086 0.01667640186 0.02183017316 0.03008715877 0.04260044902 0.06112507724 0.08826331375 0.1278289486 0.1853816803 0.2690064195 0.3600759661 0.4293775507 0.4726818081 0.4873251289 0.4723717181 0.4286815897 0.3588904648 0.2673543365 0.1604203783 0.05693668336 0.08944306321
 0.01318051626 0.01394284687 0.01671863329 0.0218908398 0.0301762417 0.04273249847 0.06132158932 0.08855623067 0.1282658499 0.1860335067 0.26997898 0.3614159126 0.431031449 0.4745830682 0.4893962524 0.4745265104 0.4308267207 0.3609246235 0.2691583136 0.1617976178 0.0569179288 0.08746241075
 0.01320718312 0.01397638438 0.01676475823 0.02195727421 0.03027393537 0.04287742011 0.06153733783 0.08887787941 0.1287456476 0.1867493599 0.2710470901 0.3628875088 0.4328478275 0.4766710753 0.4916707815 0.4768929888 0.4331829623 0.3631602588 0.2711448659 0.1633261948 0.05693765214 0.0852478361
 0.01323581505 0.01401256862 0.01681469876 0.02202935926 0.03038006425 0.04303495274 0.06177193658 0.08922769189 0.1292675097 0.187528026 0.2722089862 0.3644884027 0.434823913 0.4789428558 0.4941458174 0.4794686718 0.4357486974 0.3655972875 0.2733167685 0.1650158674 0.05703900605 0.08281175831
 0.01326637158 0.01405134268 0.01686837037 0.02210696771 0.03049443748 0.04320481209 0.06202496481 0.08960504853 0.1298305277 0.1883681785 0.2734627378 0.3662160143 0.4369566561 0.4813951246 0.4968181289 0.4822507319 0.4385219349 0.3682351488 0.2756759837 0.1668747536 0.05726770008 0.08017008195
 0.01329880886 0.01409264481 0.01692568119 0.02218996108 0.0306168471 0.04338668801 0.06229596281 0.09000927124 0.1304337056 0.1892683589 0.2748062177 0.3680674927 0.4392426727 0.4840242114 0.4996840616 0.4852358881 0.4415001833 0.371072652 0.2782234514 0.1689088327 0.05766940549 0.07734215829
 0.01333307933 0.01413640796 0.01698653135 0.02227818864 0.03074706639 0.04358024177 0.06258442747 0.09043961623 0.1310759478 0.1902269594 0.2762370731 0.3700396729 0.441678186 0.4868259876 0.50273945 0.4884203026 0.4446803388 0.3741078692 0.2809589989 0.1711217518 0.05828683515 0.07435057714
 0.0133691313 0.01418255926 0.01705081222 0.02237148627 0.03088484815 0.04378510335 0.06288980797 0.09089526715 0.1317560487 0.1912422044 0.2777526965 0.3721290331 0.4442589701 0.4897957947 0.5059795315 0.4917994853 0.4480585903 0.3773380686 0.2838813662 0.17351497 0.0591569935 0.07122088057
 0.01340690871 0.01423101962 0.01711840584 0.02246967554 0.03102992316 0.04400086894 0.06321150182 0.09137532859 0.1324726816 0.1923121341 0.2793501995 0.374331655 0.4469802965 0.4929283777 0.5093988671 0.4953682059 0.4516303375 0.3807596813 0.286988321 0.176088205 0.06030912043 0.06798133167
 0.01344635073 0.01428170327 0.01718918427 0.02257256278 0.0311819988 0.04422709879 0.06354885127 0.09187882036 0.1332243902 0.1934345892 0.2810263881 0.3766431881 0.449836886 0.4962178236 0.512991268 0.499120413 0.4553901192 0.3843682835 0.2902768222 0.1788400892 0.0617637083 0.06466289967
 0.01348739153 0.01433451748 0.01726300916 0.02267993834 0.03134075789 0.04446331532 0.06390114034 0.09240467264 0.1340095798 0.1946071982 0.2827777419 0.3790588183 0.4528228664 0.499657508 0.5167497305 0.5030491617 0.4593315455 0.3881585764 0.2937431739 0.1817688812 0.06353268133 0.06129963073
 0.01352996005 0.01438936224 0.01733973131 0.0227915761 0.03150585784 0.04470900173 0.06426759254 0.09295172221 0.1348265119 0.1958273674 0.2846003977 0.3815732426 0.4559317377 0.5032400495 0.5206663803 0.5071465474 0.4634472304 0.3921243472 0.2973831159 0.1848730576 0.06562049789 0.05792955427
 0.01357397982 0.01444613004 0.01741919046 0.02290723304 0.0316769301 0.04496360117 0.06464736943 0.09351870998 0.1356732995 0.1970922735 0.2864901376 0.3841806511 0.4591563463 0.5069572754 0.5247324261 0.5114036478 0.4677287203 0.3962583932 0.3011917995 0.1881516111 0.06802569638 0.05459622011
 0.01361936885 0.01450470581 0.01750121519 0.02302664915 0.03185358 0.04522651638 0.06503956999 0.09410427992 0.1365479054 0.19839886 0.288442382 0.3868747156 0.4624888684 0.5108001971 0.528938126 0.5158104721 0.472166419 0.4005524078 0.3051636195 0.1916039301 0.07074234289 0.05135085236
 0.01366603959 0.01456496692 0.01758562293 0.02314954759 0.03203538695 0.04549711005 0.06544323107 0.09470697946 0.1374481423 0.1997438375 0.2904521891 0.389648587 0.4659208041 0.5147589988 0.5332727652 0.5203559226 0.4767495122 0.404996827 0.3092919003 0.195229207 0.07376095387 0.04825490844
 0.01371389896 0.01462678324 0.01767222023 0.02327563502 0.03222190505 0.0457747057 0.06585732875 0.09532526152 0.1383716756 0.2011236871 0.2925142597 0.3924949011 0.4694429819 0.5188230387 0.5377246501 0.5250277682 0.4814658978 0.4095806546 0.3135684657 0.1990254205 0.07706869828 0.04538248954
 0.01376284849 0.0146900174 0.01776080313 0.02340460228 0.03241266417 0.04605858937 0.06628078078 0.09595748807 0.139316029 0.202534668 0.2946229482 0.3954057929 0.4730455751 0.5229808647 0.5422811167 0.529812637 0.4863021327 0.4142912891 0.3179831496 0.2029880277 0.08064893866 0.04282150963
 0.01381278449 0.01475452512 0.01785115771 0.02353612533 0.03260717139 0.0463480118 0.06671245001 0.09660193537 0.140278592 0.2039728297 0.29677228 0.3983729199 0.4767181297 0.5272202432 0.546928558 0.5346960296 0.4912434057 0.4191143813 0.3225233308 0.2071085846 0.08448037773 0.04067184862
 0.01386359833 0.01482015566 0.01794306088 0.02366986641 0.03280491283 0.04664219138 0.06715114888 0.09725680078 0.1412566302 0.205434027 0.2989559743 0.4013874939 0.4804496032 0.5315282039 0.5516524688 0.5396623575 0.4962735487 0.4240337569 0.3271735808 0.211373554 0.08853619151 0.03903829024
 0.01391517681 0.01488675237 0.0180362812 0.02380547549 0.033005356 0.04694031766 0.0675956448 0.09792021102 0.1422472981 0.2069139394 0.3011674739 0.4044403218 0.484228415 0.5358910978 0.5564375102 0.5446950092 0.501375094 0.4290314304 0.3319155106 0.2157635633 0.09278354181 0.0380168459
 0.0139674026 0.01495415336 0.01813058003 0.02394259194 0.03320795235 0.04724155547 0.06804466655 0.098590232 0.143247654 0.2084080939 0.3033999789 0.4075218535 0.4880425073 0.5402946692 0.5612675914 0.5497764438 0.5065293823 0.4340877273 0.3367278798 0.2202533216 0.09718378115 0.03767614912
 0.01402015472 0.01502219228 0.01822571263 0.02408084644 0.0334121403 0.0475450495 0.06849691142 0.09926487983 0.144254677 0.2099118909 0.3056464869 0.4106222382 0.4918794159 0.54472414 0.5661259688 0.5548883096 0.5117167192 0.4391815202 0.341586992 0.2248123147 0.1016935172 0.03804023257
 0.01407330915 0.01509069917 0.0183214296 0.02421986305 0.03361734848 0.04784992947 0.06895105315 0.09994213308 0.1452652858 0.2114206332 0.3078998374 0.4137313866 0.4957263495 0.5491643056 0.5709953594 0.5600115849 0.5169165725 0.4442905617 0.3464673589 0.229406268 0.1062665244 0.03908115075
 0.01412673944 0.01515950135 0.01841747823 0.0243592615 0.03382299928 0.0481553156 0.06940575049 0.1006199461 0.1462763595 0.2129295578 0.31015276 0.4168390397 0.499570277 0.5535996397 0.5758580652 0.5651267331 0.5221077959 0.4493918859 0.3513425645 0.2339992298 0.1108563125 0.04072570954
 0.01418031741 0.0152284245 0.01851360408 0.02449865952 0.03402851261 0.04846032447 0.06985965634 0.1012962632 0.1472847592 0.2144338694 0.3123979265 0.4199348423 0.5033980216 0.5580144069 0.5806961055 0.5702138653 0.5272688625 0.4544622314 0.3561862196 0.2385560036 0.1154190103 0.04287255744
 0.01423391386 0.01529729362 0.01860955256 0.02463767542 0.03423330974 0.04876407513 0.07031142727 0.1019690335 0.1482873512 0.2159287767 0.3146280062 0.4230084214 0.5071963597 0.562392781 0.5854913537 0.5752529023 0.5323780845 0.4594784344 0.3609728687 0.243044565 0.1199161324 0.04541134374
 0.01428739936 0.01536593419 0.01870507059 0.02477593056 0.03443681739 0.04906569537 0.0707597333 0.1026362261 0.1492810309 0.2174095287 0.3168357229 0.4260494671 0.5109521246 0.5667189677 0.5902256754 0.5802237292 0.5374138034 0.4644177379 0.365678705 0.2474380634 0.1243167635 0.04823741605
 0.01434064499 0.0154341732 0.01879990828 0.02491305202 0.0346384717 0.04936432805 0.07120326794 0.103295846 0.1502627473 0.2188714536 0.3190139143 0.4290478175 0.5146523139 0.5709773307 0.5948810669 0.5851063374 0.5423545349 0.4692579744 0.370281962 0.2517160355 0.128598747 0.05125996986
 0.01439352318 0.01550184033 0.01889382057 0.02504867513 0.03483772233 0.0496591375 0.07164075811 0.1039459496 0.1512295276 0.2203099966 0.3211555917 0.4319935443 0.5182841991 0.5751525199 0.5994397924 0.5898809536 0.5471790617 0.4739775944 0.3747628923 0.2558645454 0.1327485749 0.05440465669
 0.01444590843 0.01556876899 0.01898656889 0.02518244603 0.03503403642 0.0499493157 0.07207097403 0.1045846601 0.1521785018 0.2217207595 0.3232540013 0.4348770401 0.521835437 0.5792296025 0.6038845216 0.5945281575 0.5518664784 0.4785555398 0.3791033009 0.2598751133 0.1367598482 0.05761256837
 0.01449767811 0.01563479739 0.01907792275 0.0253140241 0.03522690238 0.0502340884 0.07249273881 0.1052101833 0.1531069268 0.223099538 0.3253026839 0.4376891059 0.5252941837 0.5831941969 0.6081984702 0.5990289951 0.5563962025 0.4829709874 0.3832856719 0.2637424696 0.1406303855 0.06083723589
 0.01454871322 0.01569976962 0.01916766126 0.02544308435 0.03541583363 0.05051272088 0.07290493764 0.1058208217 0.1540122096 0.2244423595 0.3272955342 0.440421038 0.5286492076 0.5870326093 0.6123655463 0.6033650983 0.5607479752 0.4872030162 0.3872919997 0.2674613658 0.1443582665 0.06404075467
 0.01459889905 0.01576353653 0.01925557453 0.02556931952 0.03560037194 0.05078452332 0.07330652639 0.1064149883 0.1548919298 0.2257455189 0.329226859 0.4430647138 0.5318900044 0.5907319747 0.6163705068 0.6075188218 0.5649018849 0.4912302745 0.3911025009 0.271022843 0.1479372966 0.06718975912
 0.01464812587 0.01582595666 0.019341465 0.02569244213 0.03578009057 0.05104885581 0.07369653956 0.1069912197 0.1557438603 0.227005612 0.3310914315 0.445612674 0.5350069098 0.5942804012 0.6201991269 0.611473411 0.5688384477 0.4950307375 0.3946944281 0.2744104963 0.1513525172 0.07025175603
 0.01469628948 0.01588689703 0.01942514855 0.02581218621 0.03595459705 0.05130513272 0.07407409737 0.1075481877 0.1565659859 0.2282195667 0.3328845428 0.4480582024 0.5379912106 0.5976671178 0.6238383857 0.6152132112 0.5725387795 0.4985816483 0.3980412251 0.2775973347 0.1545764585 0.07319221871
 0.01474329179 0.01594623382 0.01950645556 0.02592830884 0.03612353555 0.05155282649 0.07443841192 0.108084709 0.1573565201 0.2293846708 0.3346020488 0.4503953988 0.5408352514 0.6008826225 0.6272766668 0.6187239253 0.5759848868 0.5018597223 0.4011122469 0.2805438309 0.1575668095 0.07597276799
 0.01478904123 0.016003853 0.01958523169 0.02604059138 0.0362865888 0.05179147075 0.07478879224 0.1085997535 0.1581139192 0.2304985959 0.3362404109 0.4526192456 0.5435325344 0.6039188298 0.630503972 0.6219929201 0.5791600895 0.5048416735 0.4038732191 0.2831976497 0.1602660559 0.0785506779
 0.01483345317 0.01605965074 0.01966133856 0.02614884043 0.0364434796 0.05202066269 0.07512464819 0.1090924515 0.1588368935 0.2315594165 0.3377967306 0.4547256647 0.5460778095 0.6067692108 0.6335121419 0.6250095755 0.5820495749 0.50750508 0.4062875303 0.2854953732 0.1626034355 0.08087982291
 0.01487645013 0.01611353378 0.01973465417 0.02625288845 0.03659397174 0.05224006461 0.07544549304 0.1095620975 0.1595244147 0.2325656243 0.3392687749 0.4567115637 0.5484671506 0.6094289206 0.6362950723 0.6277656601 0.5846410601 0.5098295648 0.408318349 0.2873662964 0.1644992787 0.08291302928
 0.01491796208 0.01616541967 0.01980507314 0.02635259411 0.03673787053 0.05244940467 0.07575094476 0.1100081526 0.160175721 0.233516137 0.340654994 0.4585748677 0.5506980152 0.6118949075 0.6388489162 0.6302557119 0.5869255219 0.51179822 0.4099314414 0.2887380954 0.1658714928 0.08460562003
 0.01495792645 0.01621523676 0.01987250677 0.02644784222 0.03687502268 0.05264847675 0.07604072588 0.110430245 0.160790317 0.2344102998 0.3419545274 0.4603145366 0.5527692819 0.6141659934 0.6411722538 0.6324773929 0.5888979373 0.5133991577 0.4110984587 0.2895438975 0.1666436447 0.08591976979
 0.01499628824 0.01626292426 0.01993688288 0.02653854346 0.03700531568 0.05283713946 0.07631466193 0.110828167 0.1613679706 0.2352478819 0.3431672003 0.4619305645 0.554681263 0.6162429207 0.6432662167 0.6344317863 0.5905579621 0.514627039 0.4118003708 0.2897300482 0.1667538314 0.08682913883
 0.01503299986 0.01630843194 0.01999814538 0.02662463366 0.03712867675 0.05301531429 0.07657267846 0.1112018707 0.1619087061 0.2360290654 0.3442935073 0.4634239605 0.5564356893 0.6181283561 0.6451345487 0.6361236001 0.5919104747 0.5154844111 0.4120306662 0.2892637089 0.1661633554 0.08732315624
 0.01506802104 0.0163517199 0.02005625377 0.02670607283 0.03724507111 0.05318298295 0.07681479669 0.1115514609 0.1624127924 0.2367544274 0.3453345851 0.4647967099 0.5580356637 0.6198268472 0.6467835918 0.6375612469 0.592965909 0.5159826847 0.4117979234 0.2881393576 0.164864153 0.08741029238
 0.01510131854 0.01639275808 0.02011118234 0.02678284388 0.03735449991 0.05334018384 0.07704112783 0.1118771859 0.1628807287 0.2374249159 0.3462921733 0.466051716 0.5594855837 0.6213447287 0.6482221866 0.6387567756 0.5937403195 0.5161426036 0.4111273946 0.2863833188 0.1628839881 0.08711971338
 0.01513286584 0.01643152574 0.02016291923 0.02685495109 0.03745699765 0.05348700783 0.07725186617 0.112179426 0.163313225 0.238041819 0.3471685641 0.4671927231 0.5607910327 0.622689976 0.649461483 0.6397256394 0.5942551348 0.5159940971 0.4100613214 0.2840556121 0.1602886084 0.08650085748
 0.01516264277 0.01646801079 0.02021146538 0.02692241825 0.03755262917 0.05362359342 0.07744728101 0.1124586807 0.1637111815 0.2386067293 0.3479665415 0.4682242212 0.5619586424 0.6238720098 0.6505146635 0.6404863 0.5945365863 0.5155754648 0.4086578263 0.2812486808 0.157180361 0.08562071263
 0.01519063499 0.01650220905 0.02025683329 0.02698528667 0.03764148636 0.05375012119 0.07762770769 0.1127155532 0.1640756628 0.2391215022 0.3486893123 0.4691513364 0.5629959295 0.6249014577 0.6513965873 0.6410596788 0.5946148284 0.5149319064 0.4069883715 0.2780828928 0.1536931409 0.08455889952
 0.01521683351 0.01653412344 0.02029904564 0.02704361298 0.03772368449 0.05386680787 0.07779353779 0.1129507349 0.164407872 0.2395882112 0.3493404299 0.4699797089 0.5639111128 0.62578988 0.6521233699 0.6414684825 0.5945227956 0.5141134817 0.4051339359 0.2746990819 0.1499839594 0.08340103906
 0.01524123413 0.01656376309 0.02033813391 0.02709746674 0.03779935837 0.05397390001 0.07794520867 0.1131649879 0.1647091215 0.2400091001 0.3499237127 0.4707153624 0.5647129161 0.626549473 0.6527119199 0.6417364409 0.594294872 0.5131726472 0.4031802105 0.2712487483 0.1462218234 0.08223124585
 0.01526383679 0.01659114237 0.02037413682 0.02714692796 0.03786865828 0.05407166733 0.07808319263 0.1133591269 0.1649808036 0.2403865329 0.3504431599 0.4713645694 0.5654103643 0.6271927601 0.6531794556 0.6418875045 0.5939654693 0.5121615699 0.4012122353 0.2678828383 0.1425749548 0.0811248398
 0.01528464499 0.01661627999 0.0204070988 0.02719208463 0.03793174584 0.05416039598 0.07820798584 0.1135340013 0.1652243602 0.240722944 0.3509028668 0.4719337157 0.5660125808 0.627732288 0.6535430296 0.6419450564 0.5935676214 0.5111294472 0.3993089801 0.2647402212 0.1391976214 0.08014239583
 0.01530366511 0.01663919796 0.02043706841 0.02723303011 0.03798878988 0.05424038173 0.07832009719 0.1136904768 0.1654412528 0.2410207879 0.3513069411 0.4724291688 0.566528592 0.6281803374 0.6538190866 0.6419311881 0.5931317074 0.5101200737 0.3975383947 0.2619370561 0.1362179433 0.07932598829
 0.0153209058 0.01665992066 0.02046409676 0.02726986058 0.03803996226 0.05431192324 0.07842003737 0.1138294178 0.1656329336 0.2412824914 0.3516594234 0.4728571534 0.5669671473 0.6285486641 0.6540230777 0.6418660909 0.5926844035 0.5091698746 0.3959534234 0.2595581776 0.1337279892 0.07869797339
 0.0153363773 0.01667847382 0.02048823602 0.0273026726 0.03808543385 0.05437531554 0.07850830828 0.1139516696 0.1658008168 0.2415104079 0.3519642119 0.473223638 0.5673365578 0.6288482773 0.6541691509 0.6417675978 0.5922479458 0.5083065849 0.3945893875 0.2576514365 0.1317772672 0.07826206023
 0.01535009084 0.01669488362 0.02050953786 0.02733156069 0.03812537071 0.05443084379 0.07858539286 0.1140580426 0.165946253 0.241706775 0.3522249953 0.4735342327 0.5676445596 0.6290892627 0.6542699283 0.6416509015 0.5918397549 0.5075486931 0.393463006 0.2562256336 0.1303703734 0.07800598427
 0.01536205804 0.01670917582 0.02052805214 0.02735661511 0.0381599304 0.05447877737 0.07865174573 0.1141492972 0.1660705047 0.2418736762 0.3524451912 0.4737941022 0.567898202 0.6292806534 0.6543363745 0.6415284556 0.5914724406 0.5069056874 0.392573156 0.2552523062 0.1294691226 0.07790498166
 0.0153722904 0.0167213749 0.02054382552 0.02737791971 0.03818925863 0.05451936452 0.07870778453 0.1142261297 0.1661747244 0.2420130067 0.3526278943 0.4740078932 0.5681037609 0.6294303472 0.6543777545 0.6414100507 0.5911541646 0.5063790642 0.391903293 0.2546712213 0.1289989974 0.0779254613
 0.01538079873 0.01673150332 0.02055690036 0.0273955501 0.03821348624 0.05455282747 0.07875388211 0.1142891601 0.1662599357 0.2421264437 0.3527758317 0.4741796754 0.5682666773 0.6295450645 0.6544016659 0.6413030381 0.590889306 0.5059639785 0.391425273 0.2543990258 0.128859265 0.07802861562
 0.01538759278 0.01673958087 0.02056731359 0.02740957195 0.03823272649 0.05457935813 0.07879035978 0.1143389217 0.1663270165 0.2422154217 0.3528913266 0.4743128962 0.5683915155 0.629630342 0.6544141313 0.6412126624 0.5906793426 0.505651346 0.391104164 0.2543401476 0.1289356928 0.078173984
 0.0153926808 0.01674562409 0.0205750959 0.02742003953 0.03824707283 0.0545991145 0.07881748162 0.1143758518 0.1663766856 0.2422811122 0.3529762698 0.474410347 0.5684819393 0.6296905493 0.6544197271 0.6411424544 0.5905238397 0.5054301605 0.3909035264 0.25439878 0.1291144892 0.07832304966
 0.01539606926 0.01674964579 0.02058027093 0.02742699461 0.03825659697 0.05461221767 0.07883544975 0.1144002847 0.1664094914 0.2423244072 0.3530320972 0.4744741392 0.5685406996 0.6297289198 0.6544217243 0.6410946298 0.5904214305 0.5052897677 0.3907905798 0.2544906373 0.1292959386 0.07844281752
 0.01539776262 0.01675165473 0.02058285477 0.02743046552 0.03826134752 0.05461874965 0.07884440089 0.1144124465 0.1664258043 0.2423459079 0.3530597746 0.4745056884 0.5685696305 0.6297475851 0.6544222198 0.6410704437 0.5903706706 0.5052218392 0.3907406873 0.2545531745 0.1294062278 0.07850910325
 0.01539776313 0.01675165533 0.02058285556 0.02743046659 0.03826134903 0.05461875181 0.07884440401 0.114412451 0.1664258106 0.2423459169 0.3530597873 0.4745057047 0.5685696488 0.6297476031 0.6544222351 0.6410704532 0.5903706709 0.5052218261 0.3907406567 0.2545531221 0.1294061467 0.07850910431
 0.0153960708 0.01674964761 0.02058027329 0.02742699781 0.03825660149 0.05461222415 0.0788354591 0.1144002981 0.1664095105 0.2423244342 0.3530321355 0.474474188 0.5685407547 0.6297289741 0.6544217706 0.641094659 0.5904214319 0.5052897294 0.3907904889 0.2544904814 0.1292956972 0.0784428201
 0.01539268336 0.01674562711 0.02057509983 0.02742004487 0.03824708037 0.05459912531 0.07881749722 0.1143758741 0.1663767173 0.2422811574 0.3529763338 0.4744104287 0.5684820317 0.6296906405 0.6544198053 0.6411425045 0.5905238442 0.5054300994 0.3909033785 0.2543985244 0.1291140921 0.07832305177
 0.01538759636 0.0167395851 0.0205673191 0.02740957943 0.03823273706 0.05457937329 0.07879038167 0.114338953 0.1663270611 0.2422154852 0.3528914166 0.4743130114 0.5683916461 0.6296304714 0.6544142432 0.6412127359 0.5906793531 0.5056512661 0.3911039642 0.2543397985 0.1289351479 0.0781739819
 0.01538080333 0.01673150875 0.02055690743 0.02739555973 0.03821349983 0.05455284699 0.0787539103 0.1142892005 0.1662599933 0.2421265257 0.3527759481 0.4741798248 0.5682668471 0.6295452337 0.6544018138 0.641303138 0.5908893269 0.5059638855 0.3914250284 0.2543985921 0.1288585832 0.07802860335
 0.01537229601 0.01672138153 0.02054383416 0.02737793148 0.03818927526 0.05451938842 0.07870781908 0.1142261792 0.1661747951 0.2420131076 0.3526280378 0.4740080778 0.5681039714 0.6294305582 0.6543779412 0.6414101809 0.591154201 0.5063789649 0.3919030128 0.254670714 0.1289981928 0.07792543035
 0.01536206466 0.01670918365 0.02052806234 0.02735662902 0.03815995007 0.05447880566 0.07865178669 0.1141493559 0.1660705888 0.2418737964 0.3524453624 0.4737943229 0.5678984547 0.6292809087 0.6543366034 0.6415286208 0.5914724988 0.5069055901 0.3925728507 0.2552517386 0.1294682119 0.07790492094
 0.01535009845 0.01669489264 0.02050954962 0.02733157674 0.03812539344 0.0544308765 0.07858544026 0.1140581107 0.1659463506 0.2417069148 0.3522251948 0.4735344908 0.5676448565 0.6290895648 0.654270203 0.6416511068 0.591839842 0.5075486073 0.3934626879 0.2562250211 0.130369376 0.07800588071
 0.0153363859 0.01667848401 0.02048824932 0.02730269078 0.03808545963 0.0543753527 0.07850836217 0.1139517471 0.1658009281 0.2415105676 0.3519644406 0.4732239348 0.5673369006 0.6288486291 0.6541694757 0.641767849 0.5922480695 0.5083065209 0.3945890702 0.2576507963 0.1317762052 0.07826189993
 0.01532091538 0.01665993202 0.02046411161 0.0272698809 0.03803999109 0.05431196485 0.07842009782 0.1138295048 0.1656330589 0.2412826715 0.3516596819 0.4728574902 0.5669675382 0.6285490687 0.6540234567 0.6418663939 0.5926845722 0.5091698435 0.3959531216 0.2595575285 0.1337268864 0.07869774332
 0.01530367564 0.01663921047 0.02043708478 0.02723305255 0.03798882177 0.0542404278 0.07832016421 0.1136905735 0.1654413923 0.2410209888 0.3513072303 0.4724295468 0.5665290331 0.6281807978 0.6538195244 0.6419315492 0.5931319295 0.5101200873 0.3975381239 0.2619364184 0.1362168255 0.07932567826
 0.01528465646 0.01661629363 0.02040711669 0.02719210919 0.03793178077 0.05416044653 0.07820805946 0.1135341077 0.1652245139 0.2407231662 0.3509031873 0.4719341363 0.566013074 0.6277328072 0.6535435306 0.6419454818 0.5935679058 0.5111295173 0.3993087564 0.2647396158 0.1391965157 0.08014200041
 0.01526384919 0.01659115713 0.02037415621 0.02714695461 0.03786869624 0.05407172234 0.07808327288 0.113359243 0.1649809718 0.2403867766 0.3504435124 0.4713650338 0.5654109116 0.6271933411 0.6531800241 0.6418880006 0.5939658246 0.5121617085 0.4012120748 0.2678822868 0.1425738891 0.08112435969
 0.01524124743 0.01656377895 0.02033815477 0.02709749545 0.03779939934 0.05397395946 0.07794529553 0.1131651138 0.1647093044 0.2400093655 0.3499240977 0.4707158715 0.5647135191 0.6265501184 0.65271256 0.6417370134 0.5942953066 0.513172866 0.4031801293 0.2712482723 0.1462208257 0.08223068851
 0.01521684769 0.01653414038 0.02029906795 0.02704364374 0.03772372844 0.05386687174 0.07779363124 0.1129508707 0.1644080695 0.2395884986 0.3493408479 0.4699802637 0.5639117731 0.6257905924 0.6521240853 0.641469137 0.5945233175 0.5141137919 0.4051339495 0.2746987024 0.1499830576 0.08340041841
 0.01519065002 0.01650222704 0.02025685701 0.02698531943 0.03764153324 0.05375018942 0.07762780768 0.1127156987 0.164075875 0.2391218116 0.3486897636 0.4691519376 0.5629966483 0.624902239 0.6513973812 0.6410604202 0.5946154448 0.5149323184 0.4069884945 0.27808263 0.1536923615 0.0845582348
 0.01516265863 0.01646802979 0.02021149049 0.02692245297 0.03755267894 0.05362366595 0.07744738745 0.1124588359 0.1637114082 0.2386070608 0.3479670261 0.4682248691 0.5619594206 0.6238728617 0.6505155387 0.6404871325 0.5945373035 0.5155759879 0.4086580719 0.2812485535 0.1571797294 0.08562002669
 0.0151328825 0.01643154573 0.02016294567 0.02685498772 0.03745705023 0.05348708458 0.07725197897 0.1121795908 0.1633134662 0.2380421724 0.3471690821 0.4671934179 0.5607918707 0.6226908996 0.6494624414 0.6397265664 0.594255958 0.5159947391 0.4100617013 0.2840556371 0.1602881473 0.08650017481
 0.01510133595 0.01639277901 0.02011121008 0.02678288237 0.03735455524 0.0533402647 0.07704124685 0.1118773601 0.162880984 0.2374252909 0.3462927243 0.4660524575 0.5594864815 0.6213457245 0.6482232296 0.6387577995 0.5937412528 0.5161433709 0.4111279184 0.2863835101 0.1628837174 0.0871190581
 0.01506803917 0.01635174173 0.02005628276 0.0267061131 0.03724512909 0.05318306781 0.07681492175 0.1115516442 0.1624130617 0.2367548237 0.3453351686 0.4647974974 0.5580366209 0.619827915 0.6467847197 0.637562369 0.592966955 0.5159835819 0.4117985983 0.2881397266 0.1648640891 0.08740968654
 0.01503301867 0.01630845463 0.01999817555 0.02662467565 0.03712873728 0.05301540299 0.07657280936 0.1112020629 0.1619089888 0.2360294824 0.3442941225 0.4634247933 0.5564367049 0.618129495 0.645135761 0.6361248204 0.5919116345 0.5154854406 0.4120314969 0.2892642635 0.1661635107 0.08732261847
 0.01499630769 0.01626294775 0.01993691416 0.02653858707 0.03700537864 0.05283723183 0.07631479843 0.1108283677 0.1613682664 0.2352483189 0.3431678463 0.4619314412 0.5546823355 0.6162441293 0.6432675121 0.6344331038 0.5905592352 0.5146282014 0.4118013594 0.2897307928 0.1667542137 0.08682868334
 0.0149579465 0.01621526101 0.01987253911 0.02644788736 0.03687508792 0.0526485726 0.07604086769 0.1104304538 0.1607906252 0.2344107558 0.3419552029 0.4603154555 0.5527704093 0.6141672693 0.6411736298 0.6324788051 0.5888993214 0.5134004512 0.411099604 0.2895448323 0.1666442571 0.08591940594
 0.01491798267 0.01616544461 0.01980510645 0.02635264067 0.03673793793 0.05244950379 0.07575109157 0.1100083691 0.1601760409 0.2335166111 0.3406556974 0.4585758266 0.5506991949 0.6118962477 0.6388503694 0.6302572153 0.5869270133 0.5117996405 0.4099327395 0.2887392169 0.1658723332 0.08460535213
 0.01487647122 0.01611355936 0.01973468838 0.02625293633 0.03659404112 0.05224016676 0.07544564449 0.109562321 0.1595247456 0.2325661154 0.3392695045 0.4567125603 0.5484683795 0.6094303214 0.6362965985 0.6277672499 0.5846426533 0.5098311063 0.408319793 0.2873675968 0.1645003401 0.08291285684
 0.0148334747 0.01605967689 0.01966137358 0.02614888951 0.03644355079 0.05202076762 0.0751248039 0.1090926816 0.1588372344 0.2315599231 0.3377974844 0.4547266962 0.5460790838 0.6067706678 0.6335137359 0.6250112455 0.5820512629 0.5075067342 0.4062891104 0.2854968411 0.162604706 0.08087974111
 0.01478906315 0.01600387965 0.01958526743 0.02604064153 0.03628666163 0.05179157817 0.0747889518 0.1085999895 0.1581142693 0.2304991167 0.3362411867 0.4526203087 0.5435338502 0.6039203381 0.6305056279 0.6219946632 0.5791618637 0.5048434303 0.4038749229 0.28319927 0.1602675186 0.07855067833
 0.01474331403 0.01594626091 0.01950649192 0.02592835992 0.03612360981 0.05155293612 0.07443857487 0.1080849502 0.1573568783 0.2293852042 0.334602844 0.4503964902 0.540836604 0.6008841763 0.6272783776 0.6187257333 0.5759867375 0.5018615696 0.4011140596 0.2805455852 0.1575684434 0.07597283949
 0.01469631199 0.01588692447 0.01942518544 0.02581223808 0.03595467253 0.05130524424 0.07407426324 0.1075484335 0.1565663511 0.228220111 0.3328853549 0.4480593182 0.5379925952 0.597668711 0.6238401441 0.6152150752 0.5725406957 0.4985835726 0.3980431298 0.2775992018 0.1545782388 0.07319234834
 0.01464814859 0.0158259844 0.01934150231 0.02569249465 0.03578016706 0.0510489689 0.07369670785 0.1069914692 0.1557442313 0.2270061654 0.3310922577 0.4456138103 0.535008321 0.5942820274 0.6202009248 0.6114753212 0.5688404175 0.4950327243 0.3946964064 0.2744124527 0.1513544159 0.07025193002
 0.01459892193 0.01576356448 0.01925561217 0.02556937254 0.03560044921 0.05078463764 0.0733066966 0.1064152407 0.1548923055 0.2257460796 0.3292276965 0.4430658663 0.5318914368 0.5907336268 0.6163723356 0.6075207678 0.5649038956 0.491232308 0.3911045331 0.2710248637 0.1479392838 0.06718996383
 0.01454873619 0.01569979771 0.01916769911 0.02544313771 0.03541591146 0.05051283607 0.07290510923 0.1058210763 0.1540125886 0.2244429255 0.3272963799 0.4404222025 0.5286506555 0.5870342802 0.6123673973 0.6033670694 0.5607500137 0.4872050802 0.3872940653 0.2674634247 0.1443603103 0.06404097754
 0.01449770111 0.01563482553 0.01907796071 0.02531407765 0.03522698053 0.05023420412 0.07249291123 0.1052104393 0.1531073079 0.2231001072 0.3253035347 0.4376902779 0.5252956411 0.5831958793 0.6082003344 0.5990309804 0.5563982555 0.4829730655 0.3832877503 0.2637445405 0.1406324536 0.06083746628
 0.01444593139 0.0155687971 0.01898660684 0.0251824996 0.03503411465 0.04994943158 0.07207114673 0.1045849166 0.1521788837 0.2217213301 0.3232548542 0.4348782151 0.5218368982 0.579231289 0.60388639 0.594530146 0.5518685326 0.4785576155 0.3791053715 0.2598771701 0.1367619084 0.05761279843
 0.01439354605 0.01550186835 0.01889385841 0.02504872858 0.03483780041 0.04965925319 0.07164093055 0.1039462056 0.1512299091 0.2203105665 0.3211564436 0.4319947179 0.518285658 0.5751542032 0.5994416561 0.5898829346 0.547181104 0.4739796517 0.3747649353 0.2558665631 0.132750596 0.05440488216
 0.0143406677 0.01543420104 0.01879994589 0.02491310518 0.03463854939 0.04936444319 0.07120343957 0.1032961009 0.150263127 0.2188720208 0.3190147619 0.4290489852 0.5146537649 0.5709790036 0.5948829172 0.5851083004 0.5423565529 0.4692599982 0.3702839587 0.2517179905 0.1286006992 0.05126019091
 0.01428742185 0.01536596177 0.01870510787 0.02477598327 0.03443689445 0.0490658096 0.07075990357 0.102636479 0.1492814075 0.2174100914 0.3168365634 0.4260506246 0.5109535621 0.5667206233 0.5902275039 0.5802256643 0.5374157852 0.4644197141 0.365680638 0.2474399343 0.124318619 0.04823763798
 0.01423393608 0.01529732087 0.0186095894 0.02463772753 0.03423338595 0.0487641881 0.07031159565 0.1019692836 0.1482877236 0.2159293329 0.3146288367 0.4230095645 0.5071977782 0.5623944127 0.5854931526 0.5752548002 0.5323800192 0.45948035 0.3609747226 0.2430463325 0.1199178662 0.04541157746
 0.01418033929 0.01522845135 0.01851364039 0.02449871088 0.03402858774 0.04846043584 0.06985982232 0.1012965097 0.1472851262 0.2144344173 0.3123987441 0.4199359672 0.5033994161 0.5580160085 0.5806978675 0.5702157176 0.5272707404 0.4544640752 0.3561879809 0.2385576514 0.1154206002 0.04287281948
 0.01412676094 0.01515952772 0.0184175139 0.02435931196 0.03382307312 0.04815542504 0.06940591356 0.1006201882 0.1462767199 0.2129300956 0.3101535621 0.4168401426 0.4995716427 0.5536012055 0.5758597836 0.5651285322 0.5221096084 0.4493936481 0.3513442223 0.2340007445 0.1108577393 0.040726021
 0.01407333021 0.01509072499 0.01832146454 0.02421991248 0.0336174208 0.04785003667 0.06895121285 0.0999423701 0.1452656385 0.2114211593 0.3079006216 0.413732464 0.4957276819 0.5491658304 0.5709970282 0.5600133243 0.5169183124 0.4442922346 0.3464689044 0.2294076395 0.1062677725 0.03908153476
 0.01402017529 0.0150222175 0.01822574674 0.0240808947 0.03341221092 0.04754515416 0.06849706729 0.0992651111 0.144255021 0.2099124038 0.3056472509 0.4106232869 0.4918807112 0.5447256192 0.566127583 0.5548899837 0.511718381 0.4391830979 0.3415884192 0.2248135363 0.1016945746 0.03804071015
 0.01396742262 0.01495417791 0.01813061322 0.0239426389 0.03320802107 0.0472416573 0.06804481817 0.0985904569 0.1432479884 0.2084085923 0.3034007205 0.4075228707 0.488043762 0.5402960988 0.5612691466 0.5497780483 0.5065309617 0.4340892061 0.3367291855 0.2202543899 0.09718463968 0.03767673409
 0.01391519625 0.01488677619 0.0180363134 0.02380552103 0.03300542265 0.04694041641 0.06759579177 0.09792042895 0.142247622 0.2069144219 0.3011681913 0.4044413049 0.4842296259 0.5358924745 0.5564390031 0.5446965408 0.5013765882 0.4290328083 0.3319166939 0.2157644785 0.09278419737 0.03801754076
 0.01386361714 0.01482017869 0.017943092 0.02366991042 0.03280497724 0.04664228678 0.06715129084 0.0972570112 0.1412569428 0.2054344925 0.2989566659 0.4013884408 0.4804507678 0.5315295249 0.5516538967 0.539663814 0.4962749565 0.4240350342 0.3271746436 0.2113743197 0.08853664424 0.03903908466
 0.01381280263 0.01475454731 0.01785118768 0.0235361677 0.03260723339 0.04634810364 0.06671258662 0.09660213781 0.1402788927 0.2039732771 0.2967729442 0.3983738286 0.4767192459 0.5272215064 0.546929919 0.5346974101 0.4912447274 0.4191155598 0.3225242776 0.2071092077 0.08448063217 0.04067272085
 0.01376286592 0.0146900387 0.01776083188 0.02340464291 0.03241272364 0.04605867743 0.06628091173 0.09595768207 0.1393163171 0.2025350965 0.2946235838 0.3954066618 0.473046641 0.5229820684 0.5422824099 0.5298139414 0.4863033697 0.4142923726 0.3179839871 0.2029885181 0.08064900387 0.04282242983
 0.01371391565 0.01462680361 0.0176722477 0.02327567382 0.03222196184 0.0457747898 0.06585745377 0.09532544669 0.1383719505 0.2011240958 0.2925148657 0.3924957289 0.4694439963 0.5188241821 0.5377258751 0.5250289972 0.4814670528 0.4095816485 0.3135692025 0.199025791 0.07706858786 0.04538342316
 0.0136660555 0.01456498632 0.01758564906 0.02314958449 0.03203544094 0.04549719 0.0654433499 0.09470715545 0.1374484035 0.1997442259 0.2904527645 0.3896493727 0.465921766 0.5147600812 0.5332739223 0.520357078 0.476750589 0.4049977379 0.3092925472 0.1952294731 0.07376068581 0.048255819
 0.01361938396 0.0145047242 0.01750123993 0.02302668407 0.03185363109 0.04522659203 0.06503968241 0.09410444641 0.1365481526 0.1983992274 0.2884429262 0.3868754584 0.4624897773 0.5108012185 0.5289392159 0.5158115563 0.4721674223 0.4005532437 0.3051641886 0.1916041094 0.0707419393 0.05135170332
 0.0135739941 0.01444614738 0.01741921376 0.0229072659 0.03167697819 0.04496367237 0.06464747525 0.09351886671 0.1356735322 0.1970926194 0.2864906499 0.3841813504 0.4591572017 0.506958236 0.5247334502 0.5114046636 0.4677296554 0.3962591629 0.3011923044 0.188151723 0.06802518307 0.05459697616
 0.01352997347 0.0143893785 0.01733975312 0.02279160685 0.03150590283 0.04470906837 0.06426769158 0.09295186893 0.1348267299 0.1958276915 0.2846008777 0.381573898 0.4559325395 0.5032409498 0.5206673401 0.5071474982 0.4634481031 0.3921250598 0.2973835707 0.1848731227 0.06561990363 0.05793018233
 0.01348740406 0.01433453264 0.01726302945 0.02267996691 0.0313407997 0.04446337727 0.06390123243 0.09240480914 0.1340097827 0.1946075001 0.2827781892 0.3790594294 0.4528236147 0.4996583486 0.5167506278 0.5030500508 0.4593323618 0.3881592418 0.2937435931 0.181768921 0.06353203699 0.06130010075
 0.01344636236 0.0142817173 0.017189203 0.02257258912 0.03118203737 0.04422715595 0.06354893627 0.09187894645 0.1332245778 0.1934348686 0.2810268024 0.3766437548 0.4498375808 0.4962186054 0.5129921046 0.499121244 0.4553908851 0.3843689111 0.2902772206 0.1788401252 0.06176304578 0.06466318544
 0.01340691942 0.01423103248 0.01711842297 0.02246969962 0.03102995841 0.04400092122 0.0632115796 0.09137544409 0.1324728538 0.1923123908 0.2793505806 0.3743321771 0.446980938 0.4929291013 0.5093996448 0.4953689821 0.4516310589 0.3807602804 0.2869887128 0.1760882586 0.0603084715 0.06798141152
 0.01336914108 0.01418257095 0.01705082773 0.02237150803 0.03088488002 0.04378515065 0.06288987842 0.09089537191 0.1317562051 0.1912424381 0.277753044 0.3721295104 0.4442595583 0.4897964609 0.5059802519 0.4918002099 0.4480592723 0.3773386477 0.2838817644 0.1735150614 0.05915638858 0.07122073807
 0.01333308814 0.01413641845 0.0169865452 0.02227820804 0.03074709482 0.04358028402 0.06258449046 0.09043971009 0.1310760884 0.1902271699 0.2762373868 0.3700401052 0.441678721 0.4868265967 0.5027401143 0.488420978 0.444680986 0.3741084357 0.2809594156 0.1711218997 0.05828630228 0.07435020165
 0.01329881671 0.01409265408 0.01692569337 0.02218997809 0.03061687203 0.04338672513 0.06229601825 0.09000935404 0.13043383 0.1892685458 0.2748064973 0.3680678796 0.4392431543 0.4840247637 0.4996846706 0.4852365163 0.4415007993 0.3710732122 0.2782238966 0.1689090534 0.05766896948 0.07734154546
 0.01326637844 0.01405135071 0.01686838084 0.02210698228 0.03049445886 0.04320484399 0.06202501257 0.08960512011 0.1298306358 0.1883683416 0.2734629829 0.3662163553 0.4369570839 0.4813956199 0.496818683 0.4822513141 0.4385225222 0.3682357073 0.2756764654 0.1668750608 0.05726738206 0.08016923401
 0.01323582091 0.0140125754 0.0168147075 0.02202937137 0.03038008204 0.04303497935 0.06177197656 0.08922775209 0.1292676012 0.187528165 0.2722091963 0.3644886973 0.4348242864 0.4789432936 0.4941463164 0.4794692081 0.4357492573 0.365597847 0.273317292 0.1650162713 0.05703882337 0.08281068425
 0.01320718798 0.01397638989 0.01676476522 0.02195728382 0.03027394951 0.04287744136 0.06153736991 0.08887792807 0.1287457223 0.1867494743 0.2710472646 0.3628877563 0.4328481455 0.4766714547 0.4916712243 0.4768934786 0.4331834946 0.3631608201 0.271145434 0.1633267022 0.0569376185 0.08524655167
 0.0131805201 0.01394285109 0.01671863851 0.02189084688 0.03017625214 0.04273251428 0.06132161338 0.0885562676 0.1282659075 0.1860335962 0.2699791183 0.3614161118 0.4310317105 0.4745833876 0.4893966374 0.474526952 0.4308272236 0.3609251854 0.2691589258 0.1617982311 0.05691805459 0.0874609383
 0.0131558547 0.01391201152 0.01667640529 0.02183017769 0.03008716546 0.04260045931 0.06112509316 0.08826333875 0.1278289888 0.1853817443 0.2690065207 0.360076116 0.429377754 0.4726820656 0.4873254537 0.4723721087 0.4286820601 0.3588910237 0.2673549895 0.1604210959 0.05693697604 0.08944143132
 0.01313322649 0.01388391976 0.01663813749 0.02177538428 0.03000685126 0.04248151712 0.06094816507 0.08799966492 0.1274357326 0.1847950365 0.2681310961 0.3588699348 0.4278888282 0.4709702217 0.4854603279 0.4704311932 0.4267493855 0.357058129 0.2657303499 0.1591846259 0.05695571784 0.09117893054
 0.01311266776 0.01385862085 0.01660390167 0.02172656657 0.02993545911 0.04237591032 0.0607911585 0.08776573108 0.1270868502 0.1842745116 0.2673543555 0.3577995867 0.4265673167 0.4694504167 0.4838037561 0.4687063231 0.4250304926 0.3554262273 0.2642816257 0.1580781065 0.05694124675 0.09266727155
 0.01309420861 0.01383615665 0.01657375956 0.02168381708 0.02987312767 0.04228384552 0.06065437972 0.08756198926 0.126783006 0.183821143 0.26667772 0.3568669772 0.4254154816 0.4681250989 0.4823581542 0.4671995911 0.4235267298 0.353995206 0.2630057568 0.1570916748 0.05686656704 0.0939026936
 0.01307787716 0.01381656606 0.01654776842 0.02164722166 0.02981998568 0.04220551504 0.06053811469 0.08738886298 0.1265248252 0.1834358506 0.2661025394 0.356073927 0.4244355021 0.4669966565 0.4811259249 0.4659131566 0.4222396355 0.3527653366 0.2619004249 0.1562171541 0.05671057468 0.09488322994
 0.01306369966 0.01379988526 0.01652598134 0.02161685993 0.02977615276 0.0421410981 0.06044263103 0.08724675065 0.1263128992 0.1831195103 0.2656301071 0.3554221946 0.4236295054 0.4660674576 0.4801095128 0.4648493215 0.4211710523 0.3517374702 0.2609644264 0.1554487567 0.05645760376 0.0956081122
 0.0130517006 0.01378614777 0.01650844743 0.02159280546 0.02974173976 0.04209076152 0.06036817923 0.08713602743 0.1261477889 0.1828729588 0.2652616693 0.3549134901 0.4229995869 0.4653398786 0.4793114418 0.4640105854 0.4203232144 0.3509131905 0.2601979634 0.154783609 0.05609691123 0.09607727716
 0.01304190266 0.01377538445 0.01649521174 0.02157512584 0.02971684882 0.04205465983 0.06031499282 0.08705704586 0.1260300255 0.1826969957 0.2649984284 0.3545494813 0.4225478188 0.4648163168 0.478734336 0.4633996774 0.4196988008 0.3502949099 0.2596028271 0.1542220691 0.05562230735 0.09629104627
 0.01303432664 0.01376762339 0.01648631513 0.0215638824 0.02970157302 0.04203293474 0.06028328773 0.08701013476 0.1259601095 0.1825923822 0.2648415406 0.3543317907 0.4222762477 0.4644991893 0.4783809202 0.4630195615 0.41930095 0.3498859015 0.2591824602 0.1537678317 0.05503207637 0.09625001976
 0.01302899132 0.0137628897 0.01648179398 0.02155912973 0.02969599558 0.04202571401 0.06027326052 0.08699559672 0.1259385067 0.1825598345 0.2647921072 0.3542619832 0.4221868792 0.4643909153 0.4782540001 0.4628734152 0.4191332351 0.349690265 0.2589418957 0.1534278238 0.05432925774 0.09595519274
 0.01302591319 0.01376120513 0.0164816796 0.0215609149 0.02970018876 0.04203310968 0.0602850857 0.08701370391 0.1259656414 0.1826000145 0.2648511595 0.3543415454 0.4222816511 0.4644938825 0.4783564226 0.4629645807 0.4191995994 0.3497128278 0.2588875802 0.1532119071 0.05352228293 0.09540826656
 0.01302510617 0.01376258773 0.0164859977 0.0215692765 0.02971421231 0.04205521572 0.06031891207 0.0870646925 0.1260418886 0.1827135164 0.2650196382 0.3545718552 0.422562394 0.4648103992 0.4786910168 0.4632964914 0.4195042573 0.3499589916 0.2590271006 0.1531324128 0.05262589236 0.09461210052
 0.01302658123 0.01376705122 0.01649476751 0.02158424344 0.02973811159 0.04209210512 0.06037485824 0.08714875563 0.1261675622 0.1829008495 0.265298367 0.354954144 0.4230307817 0.4653426318 0.4792605176 0.4638725754 0.4200515638 0.3504345347 0.2593688381 0.1532035397 0.05166219565 0.09357123063
 0.01303034591 0.01377460445 0.0165080009 0.02160583346 0.02977191539 0.04214382645 0.06045300727 0.08726603513 0.1263429028 0.1831624184 0.2656880212 0.3554894515 0.4236882716 0.4660925303 0.4800674734 0.4646961406 0.4208458626 0.3511453842 0.2599215814 0.1534406578 0.05066168585 0.09229237682
 0.01303640387 0.01378525068 0.01652570134 0.02163405163 0.02981563345 0.04221040009 0.06055340075 0.08741661223 0.1265680629 0.1834985001 0.2661890922 0.3561785739 0.4245360368 0.4670617434 0.4811141421 0.4657702451 0.4218913165 0.3520973757 0.2606941299 0.1538595679 0.04966397439 0.09078486809
 0.01304475428 0.01379898681 0.01654786279 0.02166888859 0.02986925381 0.042291814 0.06067603228 0.08760049739 0.1268430907 0.1839092193 0.2668018486 0.3570220077 0.4255748921 0.4682515255 0.482402377 0.4670975578 0.4231917322 0.3532960116 0.2616949169 0.1544757749 0.04871797663 0.08906093479
 0.01305539131 0.0138158026 0.01657446846 0.02171031871 0.02993273995 0.04238801939 0.0608208406 0.08781761959 0.1271679141 0.1843945219 0.267526295 0.3580198896 0.426805215 0.4696626381 0.4839335074 0.4686802142 0.424750382 0.3547462335 0.2629316799 0.1553038368 0.04788125454 0.08713584564
 0.01306830345 0.01383567981 0.01660548964 0.02175829825 0.03000602795 0.04249892614 0.06098770256 0.08806781527 0.1275423225 0.1849541481 0.2683621296 0.3591719355 0.4282268648 0.4712952488 0.4857082159 0.4705196703 0.4265698326 0.3564522159 0.2644111937 0.1563568445 0.04721823515 0.08502789909
 0.01308347293 0.01385859141 0.01664088443 0.02181276346 0.03008902354 0.04262439835 0.06117642606 0.08835081734 0.1279659503 0.1855876053 0.2693087016 0.3604773778 0.4298391009 0.47314883 0.4877264169 0.4726165602 0.4286517813 0.3584171865 0.2661390742 0.1576460733 0.04679711598 0.08275830868
 0.0131008751 0.01388450067 0.01668059653 0.02187362874 0.03018159932 0.04276424992 0.06138674318 0.08866624433 0.1284382593 0.1862941413 0.2703649693 0.3619349056 0.4316405038 0.4752220603 0.4899871385 0.4749705596 0.4309969059 0.3606432727 0.2681196487 0.159180816 0.04668549483 0.08035104565
 0.01312047782 0.01391336041 0.01672455407 0.02194078493 0.03028359202 0.04291824036 0.06161830366 0.08901359024 0.1289585234 0.1870727195 0.2715294613 0.3635426072 0.4336288995 0.4775127307 0.4924884111 0.4775802586 0.4336047264 0.3631313728 0.2703558777 0.1609683785 0.04694513692 0.07783271406
 0.01314224085 0.01394511223 0.01677266853 0.02201409762 0.03039480006 0.04308607099 0.06187066892 0.08939221521 0.1295258132 0.1879219956 0.2728002395 0.3652979175 0.4358012905 0.4800176595 0.4952271657 0.4804430445 0.4364734812 0.3658810434 0.2728493064 0.1630141818 0.04762672344 0.07523253176
 0.0131661154 0.01397968578 0.0168248338 0.02209340581 0.03051498138 0.04326738158 0.06214330686 0.08980133723 0.1301389837 0.1888402974 0.2741748679 0.3671975717 0.4381537945 0.4827326157 0.4981991426 0.4835549987 0.4396000156 0.3688903975 0.2756000194 0.1653218959 0.04876568589 0.07258247265
 0.01319204357 0.01401699823 0.01688092527 0.02217852061 0.03064385162 0.04346174753 0.06243558741 0.09024002529 0.1307966631 0.1898256077 0.2756503853 0.3692375658 0.4406815932 0.4856522547 0.501398815 0.4869108075 0.442979684 0.3721560075 0.278606576 0.1678935227 0.05038008014 0.06991759207
 0.013219958 0.01405695371 0.01694079924 0.02226922434 0.03078108266 0.04366867767 0.06274677918 0.09070719404 0.1314972444 0.1908755512 0.2772232844 0.3714131264 0.4433788911 0.488770068 0.5048193269 0.4905036885 0.4466062642 0.3756728083 0.2818659089 0.1707293613 0.05247085925 0.06727650734
 0.01324978151 0.01409944292 0.01700429236 0.02236526982 0.03092630167 0.04388761278 0.06307604711 0.09120160014 0.1322388798 0.191987385 0.2788894973 0.3737186891 0.4462388876 0.4920783464 0.5084524483 0.4943253357 0.4504718873 0.3794340013 0.2853731819 0.1738278185 0.05502414512 0.0647019417
 0.01328142688 0.01414434291 0.01707122138 0.02246638004 0.03107909062 0.04411792491 0.06342245136 0.09172184045 0.1330194777 0.1931579941 0.2806443879 0.3761478872 0.4492537608 0.4955681597 0.5122885486 0.4983658828 0.454566984 0.383430964 0.2891216144 0.1771850722 0.05801458316 0.06224116278
 0.0133147967 0.01419151694 0.01714138304 0.0225722481 0.03123898626 0.04435891737 0.06378494743 0.09226635217 0.1338367028 0.1943838912 0.2824827516 0.3786935505 0.452414666 0.4992293526 0.5163165886 0.502613888 0.4588802518 0.3876531738 0.2931022949 0.1807946346 0.06140880932 0.05994606438
 0.01334978337 0.01424081453 0.01721455423 0.02268253752 0.03140548072 0.04460982566 0.06416238747 0.09283341485 0.1346879789 0.1956612218 0.2843988219 0.3813477149 0.4557117468 0.5030505572 0.5205241323 0.5070563413 0.463398647 0.3920881559 0.2973040118 0.1846468983 0.06516837053 0.05787256895
 0.01338626909 0.0142920716 0.01729049234 0.02279688287 0.03157802249 0.0448698191 0.06455352289 0.0934211544 0.1355704956 0.1969857725 0.2863862848 0.3841016422 0.4591341596 0.507019222 0.5248973787 0.5116786946 0.4681074041 0.3967214683 0.3017131373 0.1887287659 0.06925185992 0.05607900426
 0.01342412615 0.01434511085 0.01736893584 0.02291489079 0.03175601808 0.04513800336 0.06495700818 0.09402754894 0.1364812165 0.1983529857 0.2884382996 0.3869458495 0.4626701121 0.5111216573 0.5294212129 0.5164649165 0.472990088 0.4015367337 0.3063135959 0.1930234567 0.07361634965 0.05462318988
 0.01346321716 0.01439974223 0.01744960512 0.02303614127 0.03193883402 0.04541342362 0.06537140592 0.09465043644 0.1374168918 0.1997579769 0.2905475265 0.3898701488 0.4663069131 0.5153430952 0.5340792758 0.5213975702 0.4780286779 0.4065157247 0.3110869386 0.1975105649 0.07821835249 0.05355822256
 0.01350339549 0.01445576358 0.01753220349 0.02316018927 0.03212579947 0.04569506855 0.06579519282 0.09528752411 0.1383740717 0.2011955574 0.2927061604 0.3928636947 0.4700310342 0.5196677645 0.5388540515 0.526457914 0.4832036837 0.4116385044 0.3160125344 0.2021663996 0.08301455067 0.05292738737
 0.01354450578 0.01451296143 0.0176164184 0.02328656667 0.03231620917 0.04598187496 0.06622676682 0.09593639924 0.1393491239 0.2026602592 0.2949059707 0.3959150406 0.4738281815 0.5240789775 0.5437269694 0.5316260212 0.4884942908 0.4168836188 0.3210678703 0.2069645935 0.08796245878 0.05275913276
 0.0135863846 0.01457111186 0.01770192287 0.02341478443 0.03250932681 0.04627273291 0.06666445512 0.09659454148 0.1403382519 0.2041463642 0.2971383446 0.399012201 0.4776833763 0.5285592281 0.5486785202 0.5368809169 0.4938785293 0.4222283284 0.3262289382 0.2118769191 0.09302109384 0.05306336537
 0.01362886114 0.01462998164 0.01778837705 0.02354433506 0.03270438882 0.04656649157 0.06710652293 0.09725933632 0.1413375161 0.2056479357 0.2993943365 0.402142721 0.4815810431 0.5330902989 0.5536883822 0.5422007278 0.4993334595 0.4276488679 0.3314706722 0.2168742176 0.09815164392 0.05383015936
 0.01367175806 0.0146893293 0.01787542999 0.02367469522 0.03290060836 0.04686196529 0.06755118295 0.09792808952 0.1423428551 0.2071588526 0.3016647191 0.405293749 0.485505104 0.5376533748 0.5587355555 0.5475628398 0.504835366 0.4331207135 0.3367673951 0.2219273235 0.1033180732 0.0550312848
 0.01371489237 0.01474890645 0.01796272149 0.02380532857 0.03309717969 0.04715794026 0.06799660537 0.09859804241 0.1433501102 0.2086728443 0.3039400384 0.4084521144 0.4894390772 0.5422291624 0.5637985009 0.5529440599 0.5103599531 0.4386188426 0.3420932305 0.2270078724 0.1084875793 0.05662405489
 0.01375807645 0.0148084591 0.01804988406 0.02393568876 0.03329328258 0.04745318129 0.06844092834 0.09926638785 0.1443550484 0.2101835287 0.3062106701 0.4116044076 0.4933661791 0.546798012 0.5688552819 0.5583207788 0.5158825335 0.4441179698 0.3474224425 0.2320888946 0.1136308248 0.05855635471
 0.01380111905 0.01486772909 0.01813654502 0.02406522249 0.03348808707 0.04774643893 0.06888226872 0.09993028656 0.1453533886 0.2116844494 0.3084668777 0.4147370613 0.4972694275 0.5513400419 0.5738837069 0.5636691298 0.5213782057 0.4495927481 0.3527296804 0.2371451348 0.1187218959 0.06077161883
 0.01384382642 0.01492645557 0.01822232862 0.02419337267 0.03368075817 0.04803645666 0.06931873301 0.1005868838 0.146340826 0.2131691148 0.3106988709 0.4178364333 0.5011317465 0.5558352618 0.5788614696 0.568965143 0.5268220165 0.4550179313 0.3579901173 0.2421530825 0.1237379795 0.06321288095
 0.0138860034 0.01498437654 0.01830685822 0.02431958169 0.03387046072 0.0483219782 0.06974842838 0.101233326 0.1473130579 0.2146310363 0.3128968642 0.4208888884 0.5049360702 0.5602636957 0.5837662871 0.5741848927 0.5321891085 0.460368498 0.3631794902 0.2470907406 0.1286587978 0.06582553011
 0.01392745468 0.01504123035 0.01838975848 0.02444329459 0.03405636422 0.04860175474 0.07016947371 0.1018667777 0.1482658087 0.2160637667 0.3150511355 0.4238808801 0.5086654452 0.5646055029 0.5885760343 0.5793046386 0.5374548527 0.4656197447 0.3682740656 0.2519372029 0.1334658785 0.06855882375
 0.01396798589 0.01509675734 0.0184706576 0.02456396235 0.03423764761 0.04887455224 0.07058001049 0.1024844376 0.1491948555 0.2174609385 0.3171520825 0.426799031 0.5123031312 0.568841095 0.5932688737 0.5843009597 0.5425949723 0.4707473583 0.3732505616 0.2566721373 0.1381417663 0.07136643548
 0.01400740487 0.01515070133 0.01854918949 0.02468104505 0.03441350406 0.04913915848 0.0709782135 0.1030835553 0.1500960518 0.2188163001 0.3191902797 0.4296302103 0.5158326987 0.5729512506 0.597823381 0.5891508841 0.5475856585 0.4757274832 0.3780860669 0.261275283 0.1426692925 0.07420637818
 0.01404552282 0.01520281123 0.01862499591 0.024794015 0.03458314555 0.04939439 0.07136230126 0.1036614465 0.1509653518 0.2201237523 0.3211565317 0.4323616095 0.5192381238 0.5769172254 0.602218667 0.5938320133 0.5524036856 0.4805367939 0.3827579927 0.265726064 0.1470310104 0.07704060828
 0.01408215554 0.01525284252 0.01869772863 0.02490235977 0.0347458074 0.04963909883 0.07173054614 0.1042155086 0.151798833 0.2213773825 0.3230419256 0.4349808155 0.5225038786 0.5807208578 0.6064344935 0.5983226446 0.557026527 0.4851525853 0.3872440873 0.2700033989 0.1512088783 0.07983454152
 0.01411712451 0.01530055875 0.01876705144 0.02500558519 0.0349007526 0.04987217896 0.07208128402 0.104743235 0.1525927182 0.2225714981 0.3248378811 0.4374758791 0.5256150182 0.5843446706 0.6104513863 0.6026018893 0.5614324761 0.4895528863 0.3915225303 0.2740857523 0.1551842347 0.08255662846
 0.01415025808 0.01534573298 0.01883264212 0.02510321811 0.03504727594 0.05009257249 0.07241292353 0.1052422292 0.1533433966 0.2237006575 0.3265361976 0.4398353818 0.5285572628 0.5877719663 0.6142507416 0.6066497891 0.5656007692 0.4937165983 0.3955721095 0.2779514283 0.1589380616 0.08517806536
 0.01418139257 0.01538814914 0.01889419431 0.02519480911 0.03518470794 0.05029927545 0.07272395481 0.1057102177 0.1540474432 0.2247597003 0.3281290986 0.4420484969 0.5313170751 0.5909869185 0.6178149282 0.6104474277 0.5695117133 0.4976236531 0.3993724666 0.2815790705 0.1624514898 0.0876726583
 0.01421037323 0.01542760335 0.01895141932 0.02527993501 0.03531241858 0.05049134335 0.0730129577 0.1061450624 0.1547016377 0.2257437744 0.3296092738 0.4441050481 0.5338817326 0.5939746562 0.6211273831 0.6139770381 0.5731468099 0.5012551815 0.4029043858 0.284948294 0.1657064602 0.09001681679
 0.0142370553 0.01546390512 0.01900404775 0.02535820126 0.03542982069 0.05066789623 0.07327860934 0.1065447722 0.155302981 0.2266483624 0.3309699175 0.4459955627 0.536239395 0.5967213425 0.6241726999 0.6172221025 0.5764888756 0.5045936802 0.4061500924 0.2880403535 0.1686864331 0.09218962775
 0.0142613049 0.01549687853 0.01905183105 0.0254292441 0.03553637321 0.05082812341 0.07351969128 0.1069075131 0.1558487115 0.2274693046 0.3322047641 0.4477113211 0.538379165 0.5992142463 0.6269367104 0.6201674438 0.5795221497 0.5076231636 0.4090935228 0.2908387482 0.1713770314 0.09417294959
 0.01428299986 0.01552636324 0.01909454293 0.02549273257 0.03563158405 0.05097128779 0.07373509582 0.1072316183 0.1563363195 0.2282028212 0.3333081205 0.4492444017 0.5402911444 0.6014418077 0.6294065572 0.6227993057 0.5822323887 0.5103292875 0.4117205343 0.2933296698 0.173766514 0.09595146856
 0.01430203053 0.0155522155 0.01913198065 0.02554837031 0.03571501274 0.05109672973 0.07392383185 0.1075155964 0.1567635596 0.2288455312 0.3342748951 0.4505877204 0.5419664839 0.6033936952 0.6315707576 0.6251054227 0.5846069401 0.5126994368 0.4140190279 0.2955022293 0.1758460062 0.09751267262
 0.01431830042 0.01557430892 0.01916396616 0.0255958972 0.03578627274 0.05120387052 0.07408502994 0.1077581394 0.1571284627 0.2293944695 0.3351006233 0.4517350666 0.5433974266 0.6050608564 0.6334192586 0.6270750757 0.586634798 0.5147227726 0.4159789755 0.2973484313 0.1776094531 0.0988467179
 0.01433172687 0.01559253532 0.01919034709 0.02563509072 0.03584503355 0.05129221535 0.07421794682 0.1079581292 0.1574293459 0.2298471022 0.3357814897 0.4526811336 0.5445773461 0.6064355612 0.634943483 0.6286991374 0.5883066379 0.5163902394 0.4175923523 0.2988629057 0.179053306 0.09994618688
 0.01434224149 0.01560680528 0.01921099761 0.02566576718 0.03589102234 0.05136135588 0.07432196918 0.1081146433 0.1576648203 0.2302013388 0.3363143473 0.4534215444 0.545500778 0.6075114377 0.6361363661 0.6299701054 0.5896148347 0.5176945393 0.4188529936 0.3000424464 0.1801759974 0.1008057598
 0.01434979068 0.0156170487 0.0192258191 0.02568778268 0.03592402546 0.05141097236 0.07439661676 0.1082269591 0.157833799 0.2304555427 0.3366967322 0.453952873 0.5461634457 0.6082835006 0.6369923854 0.6308821253 0.5905534673 0.5186300842 0.4197564051 0.300885435 0.1809772905 0.1014218395
 0.01435433589 0.01562321524 0.01923474076 0.02570103389 0.03594388949 0.0514408352 0.0744415448 0.1082945583 0.1579355014 0.2306085392 0.3369268761 0.4542726605 0.5465622807 0.6087481738 0.6375075817 0.631431007 0.5911183149 0.5191929388 0.4202995606 0.3013912475 0.1814576127 0.1017921812
 0.01435585391 0.01562527454 0.01923771993 0.02570545859 0.03595052208 0.05145080619 0.07445654576 0.1083171286 0.1579694579 0.2306596211 0.3370037148 0.4543794271 0.5466954362 0.6089033059 0.6376795742 0.6316142333 0.59130685 0.5193807675 0.4204807262 0.3015597426 0.181617482 0.1019155799
